4321196365569167619213425183448805052295008271986624026691287150990695901086379189961625474350086679
8836443340251627577526859105160757690012781382271822755109668097828165391333872945603904784905573614
8448112557981887064626301225235889661958961320670047480559715273824712334924426933259604675761018438
2905783197386399871655066290680806957905576508213581793656234563667505428216857077859241951008599448
8666094469337692450183211577592398914655694656617070692225062271267577922070705803405902450394316532
3547457355915300687567990903004034529943958347649645204723238920869345399895838977227066975345651175
9553925984685023950047258275435391162506473543356264046862648563346257510985364398375349836048814989
3793182396940825665593722830299028180239779598379340492120183999857161587975723659885615810937443469
8517243908680947588256368220795417478606651042458201211918003786123528818921172185648834545600639254
8261378969089961186668479792652817745486694489587708184190461906570992933297784418424809333262292544
5536762444439657952533413985085415432807662740890801785114641455061047940955704318967903996934324519
0195222680101335996463325196192564860748744968896692659726357846234429657654821550990688599800967927
6014203923825212839668731099089941681640504756607333719607393365925366407124962257993392504501799966
2299634968379697267923814552616962975852219617349599321180384508928306338715552536984537576289877585
5042299725199149430690142528781578919818644140510837574501826708815685503270328624925999605988329353
0199821906946975930461569767385695743202955883469436716906184375053508857005933707720918929979278596
4798262397787859741213250796344145104552600060548583387956187169481267813138421557773455937353390632
8059465525941211601688123676157111974718541657826629302925904634747162723425263910915420545042441033
5401044102340971856592944402011947307441772647676039351016879366217353533909902882308873221087660787
6671303698905490834218711387359825464366243069060053838681905834030292370394484317693246413598497480
0703108361194820014627592727709926780536924658127852598711545944096858434213668984253731454044292434
6450082879559011717537555336531133331493168754541056046125026909902105944023818025244017591634000504
8186759939576320135037493827852466186282386658975107304348777135046748829143738866403493215640828917
0491146544127941932745613278797115324278527001995100943224620218758141848848284443791439953692242932
3540526041252366324513576802353443875796893194865830103398639661601966073420323875501257019147035072
8615408761643834420143051499278227310400992958259013211035043745908735841275203119052048532914056140
7453786998189888451512035702091366623159290815876776110721735703918178579020617138206198715936847505
6205973584505934422117225177786425780986540392512922298777194874752762134237307321646460762889030234
1287596098840495056566841004988095513879919244213824303505095789770309045782564568505178970457580295
4402720100272099029552670695573217342396529128740693145748067817978909972470835663390632952488545207
4535768676167573192521654424665211252249722605788318197455873982982119345536194176183710398092387256
6802846469711168483725053815589425632123011086220832656055058058768697377554613467856072267019477779
4871620203814940698830867463820597695863844517066982323283289944060002806706143316679636639684836741
6468857518041057251617435410798231552994955060030910532666467432090162848037110478999376298560019781
8861318370643056508323259482454986745027055611499897986210734977764282714926023512503601396063493169
7585211842151207339605214425054048094813831879294280118604799179743989233293818743622387478949657299
8008125262479998060413781282233470584828502022913624572035628846932568322545350194391971251267877146
0050980103450927436079614854417874449118481861657650631036189610253088569896755111003382894659606152
1756859327297798864829041507190930016312077525921847008744792327118836453591059700351891974471122710
4370345104364364199901045196923842997938795372409918380602872077091119164059970532469216688106220488
1938885947580941203455711177023120375724971628569014225064981126374173520600941170950968974554682795
2581538497449634757904159396587176667761341927947824355936897673795589750963609608304563929042461088
1608507632780658591995154104049172068407531342069824615853727068889936834210923931033937530948397641
6858260412668356400452047161802546207440255714163059594670481876145618456111127866593705218377719319
0253448448713838523732415569716325398249860766920821710759352588472342039783131461793447256851416962
9221246836455265399688233684522538244369542918605606816159967956792017393069964433788032270806929376
5692921866116071555547796644066153084019066386375304140502681938556452007185799161152053642537702968
9051715933650582357047807066362499189271542210959989023550501099835645454405602250178115897614798504
7163974244339492779408325277450122260199081805985171795787203589908589927700003453649668943487633410
1071398662935347151193244602341316807142902091368454007110867277328336297444934875107311870498596754
4585558637569454975570676490042293128515395819870786008989310464306437303757685585191142049618627172
1377757347684378552718184557938558859647760419176678150382259386552489867626204679807336858035666577
2134041257824056522915843055771319022149826585799551255842066102306149325709977257661280647639608406
7566966803926495281838177537896951158994893556021785447496557939888517866732965642188370998570782837
5577616549442039476147905374889515500432932199469073503197545458619463640554669851798624845065103945
6157319362118090548515949628325327111919677638219425028635363321014022883579397643730220091086164902
5319886824264358532151981652314214709170763868015419058927076111553963746559627106856239204261351864
2737015314310811225431849886875688713902631633847137319315223720324535541497199418479187640281411049
5806736544910637947854870078627531271875647310188161626679258151048500268273825845370111643224095704
8876170042139138660648892530123812742685773694192245091733835409988295929396698208127047051122167569
0226448965066838966665225988992978151861321837219160341675195397067854823559248780298104296426516215
7659571735174297839337438408362763795297995220654868840689116000649762318201683953369688120169335199
3099594749844216092868089690937017513815767347411595245302405806586408484986571604083326539915302317
1728478740462961147942321251610970051622530506256988075831575325838301996734097873100216617449618869
3668704876008297223191182281620133621480497460856677656133572835200297819734444157043363867444910838
1563647625504836354620661320628033243992913835743846017995203287629627441857951704710828558054078063
3587814384665845706832901130124384805787114159105968950788140291416960198924673406750985805721257201
1690261920875982418905806540610770734609908377923857120952866036420643201781304128515558171157407765
9895895353228525474511708609637088317492974708302455556973684723232595625366988360256278587082970795
9032370237400713851219683136451932047796597073734141375727720255235032796891271529459537713472418553
1317155786249151166524754804627297207539592311169771293262059428038205382380731665445133653838181356
7866624949185384570608970791111240048621152314468335581582218710240391930676968626012167466444621698
3872688273472215126231555339852995970000363177001069913387417308804601933157416353364596665814138465
5767470774979843062134946278111935809471630730311658560692490778910285915188972088583133726034257669
7722967279495317022927463930590655159944955270954675426369106717560701754953731038076034063642596436
9258648840919106325760062192165255718073731447703143655318016375158949666333047061172695376254869531
3328491257354007913139128702270505541845029240789909420339701645947532649441201347573805595223473943
3719875356451880986895399937737996852947859020275046916382603355708673405261026532967938194339540217
0976138255307044641554750749420293027060752106949408540305933371694260734841388481213617272554719655
7832840135244422034332427819530000497879996901312605748974694069250438904394550288792926663689550032
0850511513515589038768361659860214162803153818268746502104014367742780461678447344351701519410339136
5524566385450582961623956114624656268359429996348272248210390691764631190228456964234637156525593135
9548448463411553084556955898769636167629729928512788147670648542994198503169421030542629908740229131
4625013083560403832105355475979044163994952508700744816131034700326336162280496096322862141646773915
3126172862120276357176536714471709466095178799022068571157407047768133891910777829483064437919263222
0547506598488144868189589796657764762154510506866877536968101175921655929791317027541479082454035879
0551528874289106267121892483928061297186671502501883135985560688527814570728545581488033692074295627
8580993760285230450986264482942535289599044180420471209557025843101119364452958762030468401201660476
1750776043301236417661856618870878962965843518566325867449273943927176277020846475355162310362969764
3507923292976909794692705093952987399768954840027867150541142619327032862147961839990081654692687159
7411471784919734043673261504097586351330538067455518117712650665080824562974348884072987856078692012
8548904979503186707999539451501879090377132899437660915376546985233902480698400938266108709154729466
4977164937595221126011499707550444536273168484905560823224763923373667680175589308010413195085679191
4176090976249932754507543124830925078706751513366997752559164055034298808226160506824757643486888031
8817303079624700107914296566031202879088198114866987162201051569694030763260858316403661321097538915
4276506821616852452227395006946713220485755727085910802910101156272166220789170824475935209935019430
3510336742510784463574383495447333998707281733923453428975200195081638204888092773741958705842839731
4741775592186272308303942884368192556141794826987484083219601000338492035674803863355404298288734790
6073626840413990913021348184934068055670826452549651456386659521197981496914688898390040598734330896
5401586230387800683328166629127149258090359910838199094175264088617191193265759000186207619149754268
1044940995304586642828771442920536575724784520885883161114157315358763740133703307711836776424412910
2973322790737056907891194672787602088855010813961231803552047511025276023839604706371640035901053475
2617436625229138291931927728862128939849045951846527375343189355249070045057264731760821692893435683
7352634841044985776830932619187876183029559965103069631874603581596881100673080001847362024180793372
0501251167623812729295026067831249572668959082325211315759754797762687627046296616353103865395058877
5464908135198413767700556293552414769339893924153023699874164643764406358665988965715759963891927649
5039517902236880250821528283177899084502650481699639472466154772479062572595790829916000609884503040
3224707799748931746499900094484538118898176633209746544030530105282258362879520001213217462273912390
5523757282335168118287921616909724832887575655761115157571572585641768939107491387750978755370090960
1012819382977023641732452272420081934286977906924395080226233054928732594002096667256410886875864581
1300743329703471312981581773807704108780027846937105802225270928178273628228826930144736785473520176
3470414360373052261999583688244297756047438263659467228550377234290492685597297052581713410832446341
4166266509780175455912762260209720399049019504571352748366349491048998891737864626374555476805550211
4090814138435451887475344344829080919966073166908653739935501441892648612312593102576095183601664043
4705060083016324542689654501499293892324712423913262478282688409837517632373991730278797718140364417
7942197941806882008379997639627006108849864259994787394133421445825983936003000474197570599594659965
0402586449465115229860098807365531170365499855113924262281460262324946954306570797851806549535523541
2049714631893347378752938556753268741628617685792089092106695357923390573962449451800721950896382232
3840757324942289019270623713467785291315035839110989348201996877885430508410535216142971697884668500
9455203227593611636044771333453122559162185513420698857335835973386039543332714345723208254256723710
4679354222105933441147739165347714364076817029610667988572725928270220114612984259295460038353371480
5233183131824756855235393228234551530308195290103120070868011678271495811594743861886797576969605445
5075546594537251206788062656305759347747388640994471339324729436045101277491585649560063477975794984
8381693361096586932710953489525386157224295046621513919126848694886468871661808044117289682882101180
8806661767840300509528069121646238663999170178345662191421318899199471555864946886665174213227893268
1429058672391482705453983370957018819949038235831585859923593361962066922125619951859445461004295188
6329321725745619845223520289072049858704859318817586633057656005940374365131308673289991235661479200
4408728733845742148539368942994671926121109684675865395817217910842348099393484340840732170950002474
9399454472022441399944215796135845759539669734040831724995902837185555655389457149780976494641601273
8245086270809449317263093606394156282094319524075833671136550076460727678571946351816030060471340127
6090551236090217851619706553030304777714471025508674419234119152813644693125344083211266635660152859
3921991818950457700972874715569006777045394261894797491728399642262266190897162008431823409676441250
2273204825639068460775557966919879167167565781907349416638664957223559585535106224881658371697090612
4311997709549388252436762589224273892511367632679898177648960131447745155973891748548361145522289662
2635217241910980054008978913996223984287434692619943691066981437707409706750172971376187477227323750
6852393136299022317903860961076089353754426069444955666239964640978938567715167674757463019309281082
9194416463565617047217410732301089036346781795083047140645451000512907326373289578644944412069732287
2198993631756874914138089033768191530443007214461496631720078492246833771836597991279612564485990525
1475694031158308900510914177574815993618567458744987424745765941473069147692201953873888189270996202
6748017234226163196265401406434173553326489488614890387712164146959157709568883156159853795732867274
3897059755175654320792593931134421327630687123926102604857414326915745142423446327843461349584880697
7275722557299565654784451804693346767298413180641242436159420730998602605971976785746820773726158577
0373847607184482797666315135518008233905940094359519881718575224664587151676732758772764952018797503
5088798692674769586583615953744875887553980096110854735769457133578011176535163649428354625248921123
7736455240507041023407056295144686645142837229579437279159465147775189802669914086152240037093673052
3068791567088983054495801943342797705211012260450712114241000379873923682455535885178453462578068742
4566515533975304943984620425494418805255205524506706933776524846085711140220509886735599511356250457
5813259537535523912985097945726612151070025118133979978802784843564819487110581062194501646947748238
5885049493788062835085394258282627581564586852720020677108358775246089624978953916890805708457731082
7043044341496849215239007623772302021079706005625528027583540875558696760181600217302352345449294831
5177975839485646147806381802967686608364730981236880370039596729391121631450412039105393470819796396
3378347334537369067530395317031907802405255006776350719626934132394951395022638924470109159538672746
4474381585758893788837481887760494721096970633512930390789330024955536143444168301015973687040320049
5796450303969894606039352059683043506358305357338712789012873352439754711929757920070776140010832521
3235972525215118703845150676427019814960071976613705209566871536365391999773794164896888634407235586
6224308785589281187114693471714533768719416390248884590746540221201959242924276752967179671228174703
4952513136043182604581626439203613485088825588571183809068404863245439997992287139686608831684107406
1421352206612774182652665532315917627164657796808136151169833254246195751801401835598314185893582020
1388079637617132303332548810156208959329102269174510752377395517334191903592518217248465409445828077
9864966692593404061761647883884988553760773155396701278932942734937059414589291441616435615283694134
6799888975675004734817233920497456997944942984822755874982103175533539794802965193486070915527307866
1544452033095918919578870487152629845617201532661101412515908563882286011919697608659099417428936831
5652635547356078833787981459333995136093964359916950338507965040954786798585885407951446114245456736
7494352915658394542215757168395832279332959571643114390657523863745988461651715433804706942408479382
3288907922274804195749079402857000954049439056302010575603165611841831048490335641089791852474177443
6533365412958730353979409806537442527286419951433425284847186292383502007952571120413314867001938497
7774635078622872931490412595292786561748431550792992613803026157032596335568013770749321200876094956
1467003252867276836360988040176779015408891181471090889304434428767829488978053999402333107459121066
6303622409089405876444793092470840552205884808691324768612680205035594555260992492632991674105384926
8360263143548899428912493906479541129333109441383038641520995284801397203336951680342829097787672931
5134430442298295749413726574289570224771693487193140038774098352362829839039539539150538580675421617
9573750275284978651854072829063902555472807530371984251225869051693182140121739652365038463434101210
0667170391918983942936010102997092444957546696154502507591548782365502196240698566335283048994091190
3960679661171497159231486851569147332795873053833832001731691883441644248276175056598923396997146743
2634795417428623522118582037779454243643130979835842131251546088253445794934491255103536626404562046
1630817911312417255449037945990719470306419960401920938311998629572067232875892175859867948043198192
3304718137117977890672809739085489530763411577132145032528435249804014247364066791502367141207688175
0069267389202913862457178855635154491755505627462707094882506307187936974684597694661368814525950503
3134379281915817082098810023697926655429721072302533894165182744105807193484530872483475968250024096
4034352137038860912564986240266370027704706391294283257483676096367585021019533625168844563458977203
6842972256781512877602243523986987398807564770446970598916373526237913639001160736191808972115934181
9777312890476815812001720440791602496277697311151978935841393489489434330687151529230988088232989806
0488546899180502392458305919208345019058877166501071930226500408382897691098970191795340754903570138
0561790115896926467240622815881749137386112638972152042534947744078855585321436843064960193171278024
5383051176714975082319093695736134430493915518949427447379559440896327843888698792248589435069107973
4736345376972118664102043196406518770153196203043494424434418606523933970054639812106622141600715369
5108380815363559429196934652592085706874051923296386766798248561798071425350397580837450088362257822
5850611524417843034738590003492914801653798760290202320783529063828270643481004335317962192701030635
6798718348625440330051869763236107076724923326347091176542421840400141634242605527388635605551012390
0950457447964640614162638567680966029564412001084128504164045907463227664233972608123554163380809978
7786388372700843090235217513091525360730941639598544158131856936954737642041592004727364299143861950
9771970971984406778343822656849411031941988100832844274725710906902761594959520482167104780640822754
1423977860731166102754577227974422105666246551198316826724020131995484826650606164516077988780904307
6797958094458934248767593190950189803059547054037268252457324249475920904194835743223999960728627193
1246955932261083299618974206114858669218811928272223760504989611066817816473062113017297813556608523
1724346463486145492186687287400060778134927840289229301296528263274964805079547226167812022275790697
9343592526289721931904419987371600884008154693428873498491097906621522331453538657737939933755585878
5525515330712817129954043914363772189217527852094041725898814862361970845217733282512313494539678652
9555987828851893540184259553800287926349747408152306576641769044201076752554935227614111505164948633
1248687254892427568414854918609686765051654207302066402567262842980183977212562546611730317685937921