8178440869487341710954883
5388459666660101495353099
6728015104043902951387206
5799760223764332766016929
8748007996340066727626924
3742638134447844320637614
8172258046680038445100228
6997721395633811126455226
9686167642599235364754960
0919352550990408209512694
5563895851113849109327381
9500888051423783926704510
2964000511451507017668477
7186117682915183926443124
0007476302316065580258297
4625400371919980938185043
5063979638885266365102450
2001322167078149253513420
5855111149664425151831037
2160997628550478277404768
1974081896676879125430209
2330434839735984650459517
9804322248536789696737959
0313403861133908796847552
8102090675239734209196610
6100857473076024443392177
7591578262717144371704867
7194672764965406562687780
2773653844907909425330285
9830762008057462946990777
0272725513630457963269656
0738084350126295959199644
2439763298326063775382048
4628409173999358061920691
7077890915899215369605440
9697181380823790135400159
2775488063528865575245418
1154749283181318571494814
5345259507917424901055418
0429616679252148568082361
1610199810918760599164886
7968796718987330765806211
9146852350447714375411215
0724892264637412071973910
8111854086379182503728588
5092456031703666472849490
6357831462290227750937157
2316758221912195774454456
4887516188502631220031229
5521162302515835775911935
6269947014560137515180084
4324815278365463778269115
8141307771818440063957517
2016099702439780466893852
1379334226176143782956126
9348717258110964274546505
6715898775447992417468375
3449152775706038374604885
8854165729921691301128717
5687797912030648410881139
4023827731768417937388618
6513665456477245729232115
3595855588239620006903015
0383996692635427192719234
6531027628179073577139863
6886114034253051522442892
7755065187377207509205493
6440922586605924377180824
3438056773280126425787203
5523336599187010835077341
2932648761605566272665073
3475428834729998727238871
2891480948735814445075841
0312055698164154635588928
9617834999594098222759544
8110333915310180702272500
1995459776275993267533373
1786711434112646598379988
4558885632024599750714171
2275943967548756541768601
5089367438293179501969843
3255391989855090291868452
1974035255891045988618488
2686874860302936808341782
7943428571171023131313421
8898076033598245855586093
7485085250417305365955745
6152846868515771770971007
5619630067473333523186135
2893812606044363152842517
0278028169526721621756378
5799918067316363297844331
7226587105624441913144905
7123192818315311065301303
6075362131220157163510766
1621889902193352702891917
3432138051868616804783083
3661209390223085108643787
9752644168528684121880612
8337598323908729098269538
6688178404050527574494101
7974325489775378325589118
9614640072291178714387888
9635065277527235214391216
7550041433656644756389518
4301501823542306866187536
0655509785247622009921804
3844111460341530625108253
9554078300312720655291868
4900286293004741403590471
8410113730815115991815009
0356733994077345006846555
7586886298759472153607901
8791321293803312849494143
1430715186069264696832823
0586339083777208381752653
5246966292826610467528590
1449707545533490461856125
5134776118360635326485533
0221247675067988456661944
2820228524665984790098292
1007629952501337672499245
0330366544662441972283509
1343265580758275409687625
5977379220677020984413673
4190533771380017140875347
8458758275234003063776686
9484142893392138803342659
3727957402917256406772273
3719705962281516220875297
8487895143015395272602261
9334090759932589814460327
0725290002078452131996191
1726964248866215221045822
4346022140888642086123744
7179038018957702883112391
5927874114993944371893043
3739628504262195876939760
1900310313674824911515110
6153892231156391788043032
7900265331042406173188027
9528564994935497631113500
5021949357631263442948642
8035704205135349745373172
9118040043852924389392332
2965823809315973108921776
7328463642925253188797091
7199142593548154803359987
4508699198824860791347585
6669004993541566486657476
1428885897866479402342873
0351246177011956573776868
6676319106796294317053923
3479977180710833299358365
4227259389975787907136840
7690180722387666661975386
7833669971538806410303599
7784197620500381229653424
2006427371668471655594089
5935646706375821673916878
6378451979444814686888773
3442047499282724928847512
0265165360123710095249742
9081244964871674034212546
7514668474363559056668520
8040700471611373133067910
2764667230087458023870858
3543899692881807519368260
0215584611286785072990762
1959715205219359851052595
8779607809108026373644865
4554922044193124959864963
5626441936554958792586746
3169821544164292769038144
1763773534306432222756132
7587636117630865627328744
8888625627452318561807351
3504057351711090045716979
7193969415620535509129929
7386851370013190487196004
8003734619899511319793102
5079700022444299580432304
5691600235233676928431669
0799321934416085525826926
6939469886834906653384240
6989146622248857113405355
4139251122702504563944903
3722437223891048387105689
8208430557391223684171690
5700049414798242326634547
0678616566796533809188528
7881369718606063043567949
9009353123386813811425438
1662787239595440862468823
8298819813196154864540280
9143249384895777851158510
2376800968913823933259405
7436320122432186062210364
5941048963223543764145293
6395206715564833017767506
1572808769968151837062179
5733373072051599265492505
3030767130053169893462581
0518648672917745383068775
6256582170719621978853674
8989598991848582994763820
7039375849636387457112148
8888559107831690719453067
8693712805467248159281727
5568258964897732561208508
1984304328325482814347867
0677723365567646518695767
5178753256939427494504936
4266885693915073264284603
9291565719290338173036098
4648418896380590335824648
8609453842457091797047279
6154554665326486540334521
3916373429187961042792096
9595579268799889638495158
5050434710316436146715910
2349386224133450945725687
9190166568017577330039187
6709148536131011402341832
1492766955041432960302980
6076492773562139212339414
8641552144629952367827796
4829687510192608016085540
4729165540345551723050250
6579139776291797072222140
7237814338847163597782727
1628391728928261912930262
7448058358473951561418380
0798737889501629552116081
2897307390039712220628614
7768740679111584877206308
8368088259796743459832582
2406646763809126454630776
4504926251589237973923883
2872254148449540611315744
6985800287558664913160123
8385658713905370293438242
0059094067276429300668853
2346591062554330020040125
3818122187202762608302864
4288859830666471077083980
4853739077334588031102945
4980904465573585347983398
5216298914145080492886559
7294929920779929008253777
2491225445641209014349501
5113019240265552671762845
8396154277412948642209771
8890559475023853901036082
6866712604188488171646310
9712661870503569557322571
0216167932411856311871598
7219412883791540853337826
5166045710649882506693591
9896246819356237305299900
9045316697421067227949842
9739534866019138933642177
0022379638367268626316919
9403181593993374813247280
0872292441788944754392372
7342695484793161048480395
2268866494061714327894307
5644347622661602349588819
2261102413813156106665635
9720662369506708218565282
3878328831406103311605429
1398046846783092323761877
0278911462003737065255100
2625933345258245332548021
4086962227226770147423787
0879555430493303464057969
9874891883372255455675808
9209237432444024854737708
7205313534734737544527507
4019458452139088813418169
2121786995943314175994995
9458494171149569583655424
4463443720279381970969282
6537681512210868878810417
2354946176120025002850606
8431066980189146596726802
7210937818226511669618522
1443421486727359806453483
6370376842099140134285609
9742196729969777199631363
9044891522588346151278239
5029949548154594861348510
1828839704320247140645969
9535148551284582479143874
9945042134923170101642968
0631621895787687933561712
1690145631623010087502876
1136270477990655109087201
9148135380761753719898687
0267876701354843877838395
3233548784725087295826694
2079859001733526687058828
4468828362256879682785513
5839653354612381751102429
5148495569609291747475803
6440004221631455995676227
6642706932801188388867158
5838878330513148341257822
1603190092051458549775517
9301289763461091989409840
9554571858945304995393197
8079069924211212765743095
6839095293554361729777079
2475728301936511434347388
0481735126807273206297961
9038372301755619044806930
3564493226900913910380658
0658968024931362780400752
1144455960383863589804015
9060910325186434986531616
1790954245570595962159744
5131987429884085959575269
6035891403954861066682458
3050123191093416562539230
7141494863867153857787523
7258367197312722907748743
8919180742715834444240434
0119918842352302684479428
8684041602844451427221697
8622113837307070238746539
7811024652658917357156841
5009904453245966382096393
7639758086805297584343893
9863630309842268886635725
8396607615636400745560379
5493352498685295233251467
0955151911204347423986677
1295087266073879809909255
4699950827820977337826134
2115456010209065454692843
0337874977805081775743098
1311056980936958608803787
1978718206645868575975451
2211851732929503632577319
4045204626686288272241905
0316459296049375507102914
9873687398914469379050915
7429931010421406807578609
2615284909194139515455161
5144521117932793098270906
3481195890381388155846115
8327274477790383614981104
0465640144878060410440325
4428786430376293759585762
1590126343807112247242774
5074996180391928991881613
8401025914851714348309500
6587041574332294545095224
7218961293161838407638895
4513860812668670434696109
2155629685795440375188318
5679831299135288614949474
1369936590240638987730232
5865961466193762176298290
7548764295385120665364989
9438410607625807539730426
4311628061728396771669693
6135943274535432380192063
1492219767368164354910125
6185401496800542128409720
6592494381607258604305769
0334839732441283861624012
2356386319938224735888638
7172039168560175786942371
5236766401119803663405738
7319123119875611742768766
2751645333874505658586955
8345765071683455621239600
0087773805048590192443036
8813070011269848653071046
3005706406561899736866077
6234659193312364778718315
6448090344456023192394502
8149205428507664425059713
5233405020374494074027411
4664660379428567106192653
8325031016620708467198509
1738937271208571862374099
5963828772134111023816348
5088182901644583433327849
0337497365275533747413965
9083893884860671834876080
8400946448435768605859917
8876037846890464448889313
9363381119132509155435506
0030019553990923351632762
9921938561525444600535672
5248723179560647742039823
8359839395511897285957994
3730477752341563597990121