7275271000811574252589074
8380087207054015889826576
1603436735441012229230433
5860450431978630440363760
7113509830042276981673466
6400299369310208700143981
5833956485412369511744094
4342222510205363625062997
2991712545483568025103089
4603166846068563891051465
4082019018323384899764377
6340143100001073096165801
7257716070048680361409676
7217971496628758734469669
5187501047150919666722155
7447149786631288710986008
6595419566539180175460802
8344371510151793882609632
1917489839522225947549008
4057276815971372976114598
9229522680470182453820476
2635691637653137465356281
8447904597403524789063337
4482393633133958445689565
4855256567186678788229828
2829503015864646910300714
2930670746804355268592328
3156331803593050338351573
0587533305873224985437137
5661545255546227012458759
2834641719849897901238921
3881942598450510739904687
8158979058983409444822873
5790847957875522381471724
2881395237359524840772664
2051804956151501025960495
3186989460898231196677216
3114901738855149620999647
1367269417019168160060473
7466189613150772805253027
8003361441132230858599657
0435842385775831278165332
0808776231520515416470927
3523013491111053287742607
8874052058697207386823678
3392147686757263982290460
9256682292196406285603912
6265297498502036216919979
0590431747666457356062325
0984759937344426686784424
1772011283191818659581373
9631266946039503054792739
4445766649852386680982193
4437194753624940311243555
8197221631422312429071288
4071936068734848261127341
4698021441811409244127314
1436345296678963812519425
2051655726434145311032265
4676452563309781474288286
4353647553027053254559621
2131842078544633314884018
9925578581784808029104189
6860322558858039424692841
2276583616320884006943977
6889886006077271734014975
8486390358157194736010541
2510392763722617773910366
5138239922841643648118681
4770246815119453317971708
0478911951278583759697746
6654175159643968163602848
7555761657243870083041164
1125698555446183184512439
8663825948629321446688717
9293544091983265972269423
8553880139983917703782644
8551529931472679974797423
7750585841483456882934440
7231961380224763148240481
6954236423213643568201741
8519351207600674385885799
9707297869965053106945804
6174644870092222187194288
3866055336416317890242984
0875200918858118687063770
6552468131425298807203938
9914298583076979687574135
0509533620655674738745146
3696448580334538116493775
3048485687049722124761590
7340045062671264747152547
5526873440291687829054727
2249213835632803567367735
9396326105811212791389995
5897007021747515152114006
0776277961940535709139722
9994171340818793990245987
5521953908567711368935366
2661764498819428326506325
6297025933318917910454134
1652991125611439810740606
2612539515153444279302790
8538126508592593245626682
1177748905349407335188626
1571191550602952336326724
6079929064565452370807183
3724122967575976505251966
5466338927397524039028782
3305816207105342804535898
5066971316567895468240825
4243969790797262706905925
3279965848458432937983693
5980864554111303937718399
4549651206769348627943755
9436246933411958673279669
6844796541716605073640497
7600884467543708380911652
0718268180384953206228746
7709338793638698274681459
7617029772023365678899266
6329709320854406173809161
2655065777467400571683263
0143838268045515986036863
7406940532956794280200229
5023314191026907625532886
4226492373005635638987733
6164508807739631331036802
9298519104531460903239094
1279015692519206783034370
9243357758879945963354024
1051052656293240213763661
7872531387176447392642801
3984288783682316415557251
4544721336251051928756299
4873249517590207299858833
3740583686164453864525999
2992137335425994553491533
4735941263948879473257935
5656948329749060717780619
6220214121600521345878664
5076265557563241281175627
1603685594103522098761856
1090668101086968585686910
0647724640192178435631036
5521119695723224958282998
5297168360611365461334105
8025593508043763051805056
0307692543226473989704926
7903747633989849947765075
5994574000246482367913840
9140807900447339265188145
7845852026781444470588033
5686407089815858529730633
9509209346342102453223264
1217866406034588711994767
8922120088074015246438026
7732370112329034763193200
8289107640091565770484280
8960709232196365980042738
8653080584050710279551514
9902893431735618907565974
3054540165422906327260441
4403079155284600578511389
2358870170445015785301309
9255757844326000795667921
8589304478815547227372050
4584503829491385897295307
8598367350796149936974739
7589944040393201911865197
5273776104506837118391531
4674560249079816599924965
8287067562212718873358476
3943416464138035347003500
7736261260452396133892919
4601208327693929925748203
2809872073002597782322494
0814767468921941589636703
1574425223471535417719463
2450937615463869011525659
8638393133827162752091161
5814028135100141771984914
6535833944371412190203811
3996840087902933588332637
5011014767218257368695929
0562486203269821523567002
6862203951758002411500630
0560693578474479478131198
2535376361665928118679536
3859807423614735469390495
1516899613945920973836946
4239951038041785304427694
6764085832301257234287848
2418397373868544565955317
5414780875129380662532421
7804402361947339220929799
1690545136164090071318782
7995429598816871245442125
0787482658367241414059591
2781745284410935430116715
6352425268136266554759034
7235825991207858720675831
8667865359942031895336687
7372246654875299046930967
8757167993307683352999592
1144123692318405451842906
8941154564990614435022865
6883785173971393234739142
3927428847071859196507906
1455311802836174276987471
0809022524843662930916884
3191607135451859021227171
2244662176152506693680547
1388170018108084017886982
3195712075260206151503720
7097217695304274989457046
1527064796172699400506254
7558929294129460881681248
7393769078312834216434325
8623743929570267066468430
4505445071055456441900564
8165749668221418387103758
8362049510142676851121163
7544168606534575439013897
6178198062430477927597601
4351864142396755186529375
5906929941840573235112091
3137121283041528599684185
3648821038253866787765004
6211500655003632541143368
0985923904397852822878791
8448058457803120704753123
2910882901229404655678004
7907265430430380623430464
1050855603950281960466148
3723200438186817766561802
2738000514611248122329040
3648165563953905548058011
8998861749804283742594752
8617677310846626495160116
1773311081937703123113664
3552956122352079252216109
0556417648137125847345935
5253038155191825443474974
2043570339548527558518133
4624221336860404444087152
1705512495395741712127800
5896586653633686760944346
5791949133325254115380787
7560696813764388245480016
4687634331134970788173816
3965932353836846168084882
2366734525790514904757561
2599194198291835691015081
8384832776670598247290741
7047760381877308203926614
0992526794165971901402226
5143109899332336446932933
7627141792250143605836971
4886930777580358289859194
8984805349454243785975590
4012535499587689553116278
1691593643260293791772892
0607681023404619003482227
2812582555665542226932507
8585114268725294579673154
4878033448085155152286397
8829246205865422386409194
0767338719896562748516438
6237493919337116850827231
7294218888378380284574501
3886578833201879322905262
1543585269365278138316698
8128895164071289014244596
3096685911759466311268076
1635071339084419730333965
4531986088897787609974276
4984550491454737208805746
0448374332485777466266718
8288201368184257773928172
6961719387112728615311765
5049279914158971760036633
5961156953467942971830207
1258779935082793317303390
3099826523146058704443403
2877073670254435075082981
3516978057145676868978409
8318094080255314111302588
3477792057852657810327493
4932147572535482423741849
0415439703711903137506928
5543127554269334586853604
9797457508137149170759911
4194624509682542259539184
4817320783433494271212714
8274990558004126157821266
1474568369682856935524436
5901568057889449354216523
0520436466947224398865008
8794379433472906690326097
7915814963242976431662267
2187762221536918342300723
3688539089320274877265875
8653363118110638487353971
7963190462469399719167232
4406332204486406631514218
9580191808788876027937703
0140472171269731765200676
6428834956004448728406010
2677027472002829108163690
7804128007875518064232772
9427925053360573661050471
2725349943477743682940364
2010046812513262654495540
8737862080889077283171455
3243746230530969023308947
2326915044719353314662097
3348073338492681732847297
8470603380048368095747370
9336717500959909008141524
5918362627388672582714739
3917365583679568986369624
3214977385579932580327198
6853781181188386481168820
2289349512593522585642751
9768951510836125455033913
3210167177464867009160487
8149863507170535884173602
4731695135390467293582927
0200617281790821618574550
6753598662159318893467780
6017017360987703649215795
4690791728182950896246357
3154494964875816045619865
3776669078260761800749033
5365507241725992740354449
9250135160510296529430754
4948501725914183587075417
8386347340723092912255462
3492032718835292100072798
0445828804964904818924816
4135576356770537204443403
9352521741968427783474968
8464435502026821299893141
7669575252889407447255315
4130432227607359075909403
9824775720473942872697745
8029389449057929200954442
9920933935130046130894529
7987075179210425289539477
6118944000240515441708264
4298192963057699267186802
4042284545310403722314332
8992405176248906776576305
2214705268188290539603559
7220762504169988228630086
2342044150869187091472354
2811546948947518721502613
1599929278561259606650292
5976549329167870257695428
4070256671483170356311230
2027154663284828764523473
0398321759791724633049181
3471677247039846532624212
7739328068973431048159763
1272955519862991558301126
0419502154960990661272037
5531783768112007017106275
7986403067444277736086953
8574793381478954042852214
4371351823105472768791081
1172377697079655780751970
7990679246262239880745240
6279774136880002615605810
5307350550345019512943553
5948150991873820517099836
7628604010326926396661832
6455618597166534826060651
7997179611822601732945189
5049797106115098017438566
9443600960662312727834451
4773456159309029064286904
7594746096622366473465361
6712458187123155987962458
2012923711033893453923498
7018237304214072559860616
1692366295997510455737641
5559052919141410707412844
9133427312961831214645424
6617194813889192583655690
2221954688816161325435932
0115870411889327191919621
0272787436497920941061846
4946281178143703937809882
1974426085039884230994729
8790233917720972042537107
8518677952810201609509264
7777919685329590355271117
6725099247160588824535444
0532274315935799778704084
9212304662785379310180828
3025813586689395223210107
6212492131924716128269936
5093604412460328291223990
9205619310564017333449705
7649097978766025801460517
9061604855774590672152628
9904377919084764259899810
8649196577018547944004895
4303946105287935596658098
6612024787923651150067503
9757949273608564219323315
1079015635584226713433463
4099092675021646601472776
1623531357295265855625128
2786704652455112822519945
0402481391848684589744392
1121417266350622501267799
8257384671465234259985102
8476910715715488302277418
6670487090628060007529803
8052156006093878286623665
4541115895912630863579840
9910074282029790714532810
3916739708602173199704174
6722718678059473365325586
1166321286627559584315087
4902213851647228047069055
2611300935029151105775213
8877548304947083257357949
9960935167711886053680703
9895601456130426310934691
1105490692606776685419707
9132899077009423769233875
7538740913883175276595435
5672913499062669915091454
2327421947145120301872480
6675104039689711403907196
9269846697576101912708555
8724463230155786552360183
3420656656268080625277488
3574355635688013450765810
7869985964281930930430411
9123670260436253665847702
5980934009276585335939933
8970024557840570567674838
3249011041161710837980127
0083368593739175785901163
5574940000443841121137717
2392341196044211368318133
0741491538967362512646216
4139400305525277229361438
4123009568007971443346672
2443776674884310383882485
1741024853833232232422938
7146203067377105376543095
2865270264306677753584708
5177985714845706679914752
0661312078398043066534128
6020358072359657338067125
4484396984317816989838384
5406399965389333410925354
0723005099653115322600412
4551837958940283453157769
2947481304344436129961273
8303854654789191645472645
0092699540248817380692091
7907404834554034775052132
0427629209105062425901203
5446046125379770568970125
3876785573563665091040503
4680967924280419588154508
0994490052814539215218348
2634560496970623594518913
4841992201900330052932404
6584290996680182151685367
2351154810781674863929040
2934990904288089246303041
0467905323049357141374813
8220585611268395321366441
8584632051539330930616548
7867301234739522105659851
2591869519486343153911612
9750068238233430631363124
4566730420491314455160059
1549896640572408550519298
8121552992356316649731117
5158251919968580578662913
8860932582618883413582277
7558237245109961975433222
7563866864804960696575260
3935809645493172617476437
7107225188090992703715421
0982018157170025771780018
6525335378235343379446583
8803385599627891041446924
3108691775146287266333822
1037225145234298209597926
7540392583598980517369931
2502507144282630701725067
9859730490339509642766253
9343960152008323535749041
0961718540384872562456033
9551401304167535254143932
5328415532192142166735990
1375115851479807582333924
9900586985195896851304975
9932009122135372384814775
1595703583888700728596688
0411206633224476850030654
8867472119511237531022194
9890524833743233943427241
9638156121307715136262825
0752791563118948889947741
4792791532162255490351068
1413253880548095186596065
8569006671613618687083408
4433007901845479079915872
0452938339740659309317587
2642416141009143843949634
8599585533808268699055920
8960496016239653267372179
5379383963229405387940412
2728073596887920549393654
8153580008926154883079434
2092545585070591162575913
9299707787620524483753687
9534211400754886651593630
9949585916659011631016471
0769227326791486176864469
3974266209232885928828024
1088226535518672131803570
3843712251120359597348763
8290849442832756204845299
2221331198667965500857338
5848052122173488601160181
6002593117002781634732884
3370524269425205478958669
2552392558463878192264648
5013805166293540954937483
7301650408521903302227085
6592158761225308429497744
3032139971667527528008173
4601511906133600242447584
9411058098366099296168509
4664348548053978236378516
4829344296863606904157603
4995720406992836419197194
6331717798584312380765730
9859660873679491857845512
2886505925464639328873468
7533038311793500460127280
5606729842755852893788809
0856146387578293082334455
3954795992010058138251894
4597918823179494345611979
0577178176492789750761627
1979270914038162251159121
3558177751261619091141443
4782201141798731351303285
3336445599866560448761589
4088128627149901178272282
8765369574849240238634713
5014571032769006405756037
8326849965397115632568309
6347287226130808755668631
0598899662786530224014110
5184710805310462951917723
2908192678449271286441907
3976376055211315390690550
8202361978776410767936113
5703609240912000037493897
6619215340877657153350551
2846673281593848521935390
6186780057789090940489210
5543710689369068981523212
5210457723032278933131713
6660169057431595598652385
4706806625972796096433811
5947838598241738001830628
1933293022466319817588093
4188466826635137978025996
5634759696996557689473272
4127923946447311938787137
6434448859690031994505770
3432037841520346805412322
9644246736301728278832579
5545664515194565669915296
0212027468586750506137968
7498522124968130696735676
1587307687523078872777549
9985208267352143293074867
1215794442564685771218384
5076985860209847394947507
0373039820503255638697939
3086063319939444408144429
9649966312287146872225939
7595722252698748516014534
5938326810787524363653565
2299197572523849484229328
2588264051374976828305119
3591687716767767873661692
7683715704251941819558902
2199668583345939743670835
9119322798690870101938134
8822849677284188452116599
0906880628159721810971842
6597692275424235885298735
2519576294945176796437460
5700900633567609276545253
5028044273171890102802070
1793794009415487736868765
6161065906401109487278335
0158987850636659335728146
5322122660748068721334852
5762481084695579358173089
3217577520041508384129250
7191847235438480114984181
2698133719166550448328507
4253996355071869684901632
7637528751850385884096320
3781904469689438523645086
1108709310525275297363776
2844497562663518734523834
0982181461508057189892850
9111797861089996234059413
4802108283746945109972351
0858305546806360258816274
5215473656260416160228905
6568652814288563043732460
0149037173418055521382254
0847287850173198031949773
9208634228995117823504079
2531519589395717905290862
5450555680716562464907488
8536978335838639958357006
4307552759931285175251558
1858552040526455330923911
7760076825252838845386933
0668565791005773086759213
4738907020913612262288185
9803091816177178958552730
8073000244819237047412280
2062393496435682203776167
0869360067161175702048702
3711109300083718228507697
5943654026718096625216470
9720626372651552811583220
4695078327284251552344524
8720657013667697084212301
3761999359143807898358208
9236747241227485239290381
9524363518955733430446949
5273222562842774010576487
6504964661962411446324361
2996998162525952793044572
9765857951630623927547769
2284941535797271091929851
9728261770290791289129287
8092304874222967331631881
5171320919334835954460452
5830111388767157662968591
6217069373978013386542624
0675324878351519260989717
8748958049275173044854806
3221942209643101734370446
9020760087304175156507119
3738079633221501127287774
1746650368694804401732560
3548139443363875932514282
1893939754664030622788234
4238792188132178477191866
3561176169229486769043471
2729686071328401775941187
9027309828019943355325210
6344114156657312885866648
4436674516151153377425200
8964294456492938240722254
3662024196275559895194115
1167632835656927973450474
2708203999623245252770572
3096171592701590918318390
6392981429657424170855811
0980147959845639652839732
5803444586279698001246946
1256033188987995846737850
8305477553866788417357818
9187950228120989788528371
2040579281904792811571000
8622183569492200446222230
2969643447828684856516851
6481101320667726665137938
7368467817543971494853993
3268071188185096369305709
3803925316909318600514668
4219758604942684869547679
8947901391950170750424905
0828306664445836072753968
8769225405026078474321625
1424533559719855319598770
6353058593713683115152057
0022163500457635346276532
7014440285264080839828648
1014487104054329390940533
5039194321959808713723974
1664622884362552791234621
4538838422464519945328683
2579782660307557438220277
4617766799351601149691272
6890796792494653143717538
5533503839422209688704896
8942089326880004906570670
0253352938315170037352964
9465820833985274901367873
2159899186458319846365605
2162328367434690643219980
2600530322198309466547721
2454489577445249667345164
5828370203957399777655650
7676150925131426060008106
1095437265435652001536334
0233609412912689063618251
8180170057604738303922072
3206188675398859922977223
7015151906357562040276799
1203599495333153838990928
7429777066382755323995786
2667925771055520966720547
9697559995468793921514478
7142088607706829687768129
5370698743731237256424282
1303439825180996272741660
8246406013802785100376541
2786813470962768922060935
4282591332933751912362345
0056178816005061349808314
4127663760240099636201829
6476801626731775656585330
4346433637725991867765103
6105081315553950201164693
5347011726015609814480825
8177141614058398896017389
7845313984405332907048419
3585168725948519993138529
5838775648956565823175420
5973777364773044324944478
4660120608487761529989652
5076473208462637117726310
9441124277753440093167759
9175680212187565690641363
9539085804312953311072683
0614245929480867235319455
9590409645246094970891209
4138737747136770617651250
0877408172176796697107806
4309482101414064138491424
1559163656711158577313482
4339242553689484537495943
9885855869096576500335654
5281599323063658860253098
3731130076275426389146249
0650043134343592903072940
7205927080185233286300375
2028239875937422542546841
0538754215170894821890296
6678639470488896757391813
9090613831455517070959336
9337662295767399457966825
2239247292108172114731888
6852424221097494157614803
8891535183002156985026103
0852918390423517769547119
2121506014490213163640677
9918850282592034896281925
3500813838781892452278237
8609900379286443657655302
0883766721449976503040236
4536748369879212606595767
0089011621877408708982797
3592568616018918222834166
2693969417766034780874378
7324981314498621987982141
8936141081634241102116891
2167658127325639469983043
2588323227218806527421583
3202206157777271650562002
8363467855643361932909424
6404615529532245422592230
0814903751180801521845779
3064643877007493674086154
9673155256786205724956551
4116282321276201890639897
2366502139846428650624050
2504892658113280710078436
9893109717200408245494370
5194030614259349310497945
4221533543160241783131563
4439430760901065055794635
5366195683380284606462315
6526047533689069589101505