7369914379670386697651467292376230331770199602193138096742804837043805611329038561358362234475307167
5404334574825569514540477540918816002784797299816487835904198350457717107670226188150563231819729591
1317271531113296548459133727316144114113495011713158100499841626916974716381595577243503502981941831
2100939961535192289708344740665127320446322226193926198938236397364438820481858308926328602151435608
5963168012557500567531555921577141553968867816949943413652774592027798229728976713785346222423454094
2667689773052760609850228925913326874798102850710168885801622562865003909348279744950180122329620509
4273181578469910401798104204513964483218085205079130103141537295952219075786548477257224676886985271
2525749276875490122081518534595424112577541671475106188433340440701275960551838942218979891886865095
0305083005459483550447226546811536379795311700467394620278976900336184747060481439448213504400296958
3546358566648772368311795671441518171758451956743320868967389335346831035387718647803882347735284198
5309155755826749279148987139201631466468124111682234657924110306699634686255992116829918778589138816
6459454739844682908315096872283841451808817007238432086211914108291941639112151441244125379527320809
6456752651422655377497770668699688175032106868679678193644874090407709361126899696719114316871716618
2101184146441221541633720241370063627672356260874993597275580466594996640413801837048784326048718085
0725856888896354262423408521050686501558334432322246980931188907971327668772002161535051043790056280
2580714190031729935408729652393591505992711893542085513350712293678147780142260705122228085668924266
7353920146426039244614697335358065287924834472498829591921815618591629347932844658443755295373089861
1262544639866909157141427590802352879291927161368497789574177171240216371427617018201647144010204800
9852843790777753237814701544984908806675329332100746715022490578143312803709210880524628983582727068
2838571532437971463181089582745663908425056434177997449946346527361605170550243255864477453731906394
1828317289543772388965841464120890414062725427445485449469226792332851836293752010228347016586598638
8297776086325117702039686636853627453391685251154860260573511700814338327037839764590246738118816819
5006469277206332262714142136193572579952135852992791592070933489224546355218932499958470392965976421
6872275718452170003432629382937981011140966445058147483096309364574362364174749454015433149477245540
6838848510819362828240305617313456933988144184403149358104462098488188896410256469464250129294749936
0027918941733585747842725509884183581340399986978672395316670236630511846547520768902017580962567295
5332198585730907466046928750337417949389463974542979812851753774882021440702853098050563541013467304
7373446063884720681633836846760662502296131786824775109356900969842622067743616381511470975658432084
4388210031669062804756562944129984647510049803443651674574620737086464666548012278668276752574412786
3668998901981558428136599094532878128197442757452472139268304864646743031731971167561182642325671566
8391003169893032376189764664514182164615279885489403262815680472253639811622368251454925037229522994
5398147086065287529517818489484536796172937886240961787917534882580127549007976892547693054269376805
8356162493253477239376739751706055646357349934202358046556752066858679565546581076711616533374292688
3320360104188997273170054502877247807036932986862207552072282658355231276867450143955326331667844303
7827798463410917572776542347259480591151109711924346217305469686866594421550430251822423434968386119
6988853189440656671058325825367798138084725992116259449109807874717181756298315298610461623822811099
6570681013368809241928204248498355110605220939362698728254758795987842049993896992517247498984512880
5050360590352675659314148711206828601735931151652434885903864192900703474580992096368881238308125891
6714810489622224100558800610971081799933335856238706864926279810739806480233605236857534411532224495
8489019212130985174883538481909694818996516245901338181291101078619799945475939263278293959620625962
9261717194716301068726281695691598879440264478426305539814655963319499030763435812364132678250995722
9164900362896377778167249426812009822167511628357831680111382571674482249618517236993856816448996133
7976414424099604286080849674057204325318667207792656075811182179882922435946134245139921738503159330
0862341752096494595211745507321084906605742389146148339067153571747453583312568691284107768395533411
2802879114677640301919058798394331001526739662300763798414321423515614977335999376424162579273031838
5013200578434072518657137418595229002740416984019350813478644294138648569885922655564156741510872223
2649797447196517585444961691050942455947853725497459944380025056958290388977056424365070741646348781
6751151090617977923143519830768566288648061393562835190673701777005202020940811663180255383470530319
2136749510722657827007646498486465480060343367660749879022600981044313271879778363951885998836739430
7615652115139636082658849091664248234081649685352047773457298701827043224637809781523631769736432550
9170572393375388843210761309155360250413269137504641058232170965903309673947022322912272002326886085
2603036737989012103986692373048466445353825730002106030928234147955117544200536890833481900899332780
9672928336731327312350933881376256967247740177666462930180607753591772279631120950067392579054027233
5528842539260684365543847507295418474621959158489459817841971489338781249607388541726690211404291375
4732355665198683951692583333653735606575225256050976092368577586229034909970862912657853474428834907
7748292731457271171707735220824324121361480142066658468788652659775191167726306926301621360033825331
8700138917662547611205439552320651734035715251670991075410927015729363798180890152512395957700170372
9895203612457785234555758391740672159573995651972305359304137156999552769205578572072743613703944138
7018335682908416098594691642893278106352727485946935174002165061798750219311622815160300044463897644
8414673671610632861432012021740263709387974480982130565098738440997508902878511355762388229821839717
5131111495962900432191883444985046589288826305895466849617882655020971285375857703743203640610128336
5769354398695100353257049921073522910447526994575889005757734918131028616803240577023762716922825656
8137900419072095683366736909914277224348123916644708424242946991774694213487420105528310815982459398
9379491091195180861913034999935699978118833825986130833819347360426263467904809988085024578970633963
2600927912465445345299964456620235876987880046777026849143460145571760326530213057577397545060368012
3416374801650481273322722043817270796587967919710070771984404106180313513412131368116625654201051330
2563857083854745518776184732486660175849055744236011392127616591721734603504482326952445974886637362
4552522254811540851943665060175074474230112411396669797450747403175846931803775988538005341794572149
7757603896137563500499546840482496719771804725123134447208564160863842823524333785511635639966091574
8545938482027424675909008243466008875696259541939735175078173727059085563681731379993234850368303094
5404316109454066087963698722467644009257150331185672772375011869573059861290286428519466303381570110
0734282550639458793229094981030341520170253172071657797739375029525931927363818768311571894288261390
5597028579551884832595758862129428130636064796080678740505303895534393340550341469363599775215297001
0165134300482264930095707353468835809726379965898199908024934141234722149068815626123634761748974565
4192158272997041033405848034960036343517542836325530397370953162870635885604704934075156063413611014
9058996107257086243915266355306536028511745618516680637062080469950013657815223429605118635660141153
6894495616857722394271332958104189336089281327752605115166774474693688663838656177979197351756588313
6530754002589693483276857779302009598299053570558529466784429600259378644117294008982107553572898899
0797322285497996361517799543730625777250149971320009880653717136933705127271996926472930403703605224
0257415318958147248439809212253955587998640932630599798997231026679495657768855132497461315707104573
0288504275290960980372412658629367915228430499787047039337442791588968272808289489437978004575015359
6053308413395512431577389225365411641231619932601894224381057378726334796763035010341081875766468792
4500761752103266780211766022571187454356327907765860172223424925187830435327446341227696741992757716
7047808762563507907338690202202783177159445139543712564997841695468366674720365488189053081444700309
5595838798907541810049806286952989277014585271548932452501154158648501144235149765891551973305121831
8432892011776018858894315446149812460142729376906259778437442330973740919592770445681064594070460912
6359930208713239637992047224929419651039708714229672595504545245889137314879447940741747390107709023
4143134810731080444962480471668895185732574550144845769519948660129020939216946926451878882767775749
8139888994690686649869878164068050092995549457717118670891609262845495250495118698408002880970385741
4421500086893751473214427524475759480021008985646727982860890922850262892268286663505615851853731807
6002455265422876786839760451666905106866654765014120605999141291029601296588265680872604681387436169
4250980710235133769345045190472847501123742712460065421148879176188996229592429136666459052930606761
0893968740877362857012313177447446573282279126300389826890647511010925594315961129015571223709883112
4440016165255301312918861515096546358671298087049406309567807110472252112107315418065226561386125711
2725723567624839784204732222557391456605048606116320720502736271028689470610036968619165058738463674
9094452855463578138800180545977390309120578150176425299012804046131882438304213600171138804265331098
6644670034527340774675916744748142068589754120878315410803280998869654192741103182364070758683802249
7459914863276873996858338825943411085298642196307752638929537032315939117672087623208619127490084888
9459892425624021937803455515016688229932963766623486062538314861892763799899133559834912444971484515
9678894907653828240170410263010885835191358374536623788076771876587659516726712000514431107384103747
7874805660973971715121336376595363967958661665490756229020705090904356971462987207659555175771446700
3769386297381946576984397703090688621847606453072729807848818558175763419849979085916732554732622021
3412001122005206068646875627115256840574327047012171735722116697477415639184369335181365305671489911
0507457096103675076528235134940489158180794349931600842208346231499202137204122664490979942111604606
1592676130023880151434832823543176176331382143413678710805697291552087248369447226204416976903795943
1007423202284281670534902407541696358177694598769069660511817983806817958261505183672102190012607189
9800473395606649316672275999313554938020509525487579842396908190729722031783974903127652577206828774
8802759912310737361533017548920096781827207946178875355812878922489562745829373000446387118797183903
9983027260804508244122653539395357493271401616283371994830221253442127962253269717925278510049898739
0737023655441196335258410495030867722388147468664233283761108800150497222547971163457958598875129471
8671263719613505449148843057282662626561829696605159605683423686405430036064893092203884172234908712
1462652402954077413148341105294031900708563934945207085033550411259088901573838298648681840725237172
9069345649834565442196279596484834211112425620170890024692037265051648858264995300120824901380339616
0241878692054028869500483147413209832288774976966150496251516314884251905918905621213928816865948274
5919983012148849739794289178343739569355484915177290930105911450489276836337924187203166334724495043
2981554307780685196322946029449654289081823254492047757557678112824473179999299848339162708348737660
9242382443641209753807219743561949803508043820166730047857003707745869257490491950387664204545674933
4562845880622482832845434086875333316327199750866353130510893841192333409978715045892829454058055708
9727848883380631957860773080564047702884470812413295751219276803154665959701544622819510820312749806
8252788765791904218507763913111468971482042298120817319052675085721608931304029406806143610156195421
7253889223334052864603998263668382110000719087393460770278421184233905878583144193660935721160655454
8368538651405311461661388654791008512997989402472293257183341756431731471581611775330854783441677129
3272241345414093978128093787594425653241396453636813572070822151625125803261974401608330095150560150
5803873433283147781157977941202948101814366767243431974285566550643544075432629007350574967865387410
3992675646129797179600876294755374428033138846352426504428524788963396562924163383252595390195712569
5640151975956728747063708937481648319846180856040530491526600856004278988242751039215101855050324800
7166646093193654521392543414255830675921531073440742309596826544234258329345832297523152971190003342
2340264604459918841882031194564392059109127244129612329229642333572857828142979888378065983982232014
3711043813428558475506114225113784753762726000481634061965679057556719460595432649425993637939607647
1455162364186781037407940414366065879966009017392230632062752099034763044900899061368570888101327544
5252426614435234855979286047424864794819237203026167101872465768402522256611378734694164408972445894
0258677546688056477748736994410304760306495511023978440433248125113091047813733875306777010762126433
2067598015254033081261341572071591833723506597236968839732049480636892734718352004479459321877556058
6756221525107669908487020529907114924355797500333726299755111227487110157455853557744635333798676656
0790512208113799610773686839769848456136894625263116649437062886201573832206375953538097391093111787
9084251172980076914684018851667478865253189558699095452936155786521419002164434616701143392765159183
1542390954837723069984837028714915348050232877616220993478055136730186858904316669652404463378685750
9905796010092249635966716415811313717124307533846739842666828980958294216115018557680909206871293871
3641870485714298093249860343060754545102492374452169796241554025336847414884309062551138053587497364
0486629742910297611401813928919208811196388456348679570677804000484901456790536836354644680742208414
4260775840730742939519664969505333101379646639270576604152796957824849836982010694682409501240059877
6584213622072117247512403076056196421371108323568500338214783056428604401337465219438496361621805255
6914534724257320163389776216792387878980690678343415948735858607110974710114843372693382424941810965
1791448660100937621333203948106606332683758688781795372970618645908187034938855232804964919130719727
8927860765857454517618700199635323988799254806473991522689887979016922665163641736877067852430569302
7854905212960719949969349098604414029995187929087614113704459250062917465847035791420413024744645637
5783055726442040870295812376762804950173349698268100557749700430170218114737397373944296284956806953
5866787057147043483296722420935352891868071162213074993855292307154820283201636520444776440889210989
7719640017846116889605227726991853389807213896267622862645276931529553479876770254364365139473429783
0308621965620098298336189285142435406376229437402986552015111424455028891181233358987338577366794693
4009087562161548406598814433773251164560613064834602809070545896302060160555827629486040357247438974
4156365053834146101023290489135165533085034158689825888973448489333726651340418930572770524018945899
1900785710679088097464736403494244395714573578089312743239889746288876715564295696231463990413900469
4546567064852771500976952636429734526014898097425567471744751040679004560327447587721400886186841369
7787501559928480356826000500697293948765249097491582051009119726624645973036416555553405644392009664
2845754845803438006185690233615792163248879154568642431783154966008029968656298008891365307359326277
2333304342154713092084342189286364858469083418206419791901489593929278135870412647719402000352650642
2461978742385051488376865590291807147410467179230589032832739157286312312195002801885066847701874654
5614449327553063808246215212555901037837593380672536483500591072750574904154639864213868561789099297
4942625368722575798187575053326080500410387751303926822372152022109877975891879222868740183933428411
1021363679769140709629623538017180739479979399879245123026377507158335938075838400649995177914338689
0834705617087868931799220630517254476671636157366023567326486870603225031652002081494740034499793677
9334130241904065590443396894362253006968067856840198908005144364679708908772648035807359078817024252
9013671305957359511132701036889169636415077027863078111748628790658127297176891864360096696844464709
2224645857641926869826210858500010112020787880748551013495392832146357603059963815427538767160053250
4065790230129472287849280303363950266163171622379314587381711988974002993876642184975639546264820588
8163208002405400443497613734689860943561220232338792277263420510590509417253143359413391085839282539
3782885153202125792908147716705403845808932120082990181905948899243868001917376016957317222967703415
6909192092272939542125665098417789367878585717830454788964694139914039853846538506210370674444037489
0655037759630154613448422678685193469152954973027915891062325770006993646203485266493588547267521189
8443211039092519090188785325626885713109369307483827375172484917924128593332921890101788562288793662
8838048968970326910175102345371454036148422145824848633098064440302045629654247096471081657326404278
6528082557954157067315360161417967870149530488465380601097988007518933860277615155397540085338548651
6273962899994630492729648820749784434970492070884193728860512937878488220677508937486940116017382394
7316584895303176467227387938530745805719934638228900075051390871191786573829452450217047947245046904
2043750043642525537894608146775388229514749876565812234877968938903332264744866729816089704384254334
6258172434422163839556548381743576234683484347665781080199408215617061280577074021326535754625540132
5982134831446282465496680788561667423813545759435836181247049751081883981362126869908446809544806792
7865616053609471348872838130653692062890233101059428138950016578225622790914357137257421950634226134
8731742369510845679748920000874746770317570629772661076015008106491749441054373966572326829079306920
9566023744844325022655625386935644559360087232189044993851862111129492867453316757188094468282336347
6116769494060626658346696997110416411492884000430837432388408302022509005213657656260867131433078461
3150284919154752340958574744023056843711155971222504673451995037140729610582743440350076477696864231
3948353188708516944345461741431685712975787510401077047102923060734761916445251298882906114465784668
2202451610230429197635208344423011423113551738162727734684280415589547980100797363896920878979319069
7201553439540243662315895055319185540647456259777440443897650674394628553000628265420830282649236163
9525080912190030215050641984834721279305867499326150417967789058497148191319627528875853814074422456
8099023175016765893857030377276537927059691319062814873261871005215686361452699341448978231614194443
0512850492955393995201384099995894842034651348035262491499666962854419913637748598496336531755546926
9402143296062513475650874685768616153033628069874961166239578286288781436539927970204454855175401909
7161386198014661834596663204617081521359416169152572201780651665589106925515380559388485996456345065
6888277727700127682162343827634108229255938136486190214760034239588795835897958694667646525691827720
6396172456174230644288241133956083591554658154077791022379859806363592338191823098362381473356456513
1579140415156915654257530416394450332141685883895217399327167010801216469549208217156981201561399641
6998327019344655321601617734155169888225024637043820482542936987330589174324048397560239632262452495
7300121578651690273681896450081294214588098194381251769519863410157466818561085408521938031866594939
5372019232953136417881396353293296426046059390655436781939615351643514348143976471418028219509221851
3023200304692689223969488941542614101198386131688432468330562791631701811773215544314864146262338753
3926003189523164821107743209120844719907442525364767540714917004670561047804407054940281577684954082
6091006151239758953365282870470778297448604788092339602441848914877060911883154592567464973318035123
0789581247668259463041794915672400116319358216609529316329981889965014997164705480850392756992268491
2579587396055339494938462645598868712998451777278071595855438584962482576814993381805561874361625945
3889418511279956301457205058762280625485176914914463081930726694404119252536621616114704520471133288
3653265263351013069960299868827069391839634166289158560184230820339940676145670013937312238755142561
5582682142472235477784375146828314155777600750144887761331610238447062458073575662192118570686229336
1698805988040015978807457284610489389318720306252624695446279867713355705508151610934831695527073180
1613561346495592621812172988674113549608146134164685179091551814948918575452078724205579082186246101
9683126873605397376629085884914729385879555982901038827953194206417382683592816089321788321868069782
1175456903415702471842287798934838380972768369739309962323708043842620942537752949227517896316141138
1586146671282887038042953124412913860388146919125306919192248791440790987423026909224348430648605578
0082940478361579440438375796920545899751939680652952195817023100145093506035838332381544682805738859
8637727920339223526998476586624121754218799880297324564811627304764451540394624531759122395652050495
2217218180469423123311333779999553796035315307154030025243498965668810145329733924180450571279319317
1520895047725558394212963489924791922009456877536489322152034407363568305398429616753666443805606371
2932258339378279048126916629866787017956660709775875878748207990252380365647581267182635749775803195
4091589535874925786675845545951382737435827866045107986298832271982284901699672250593753302586546321
5234212682265433200645007657253755898078256099772147448459284589259927388398033150009984964875252608
2037607115942465806955368389041128186699669385762070914106676495889609470279713010108939751155012694
8425765061469606104091317080676351843163977709513331301682243853863627061330589208659761742611109604
8362242113670021579852822450294940370577552575017634145612462572159132250916611504692320300665017073
2619869167154961277784385697763511990507144613079270439778936363149974785159857441551787973995611435
4131959495376117980884651145068388987620663040968459802881146264247130172985642719573855116229546646
4911297931496338412324675038205157259783097308575182874550207485298346431924441328465044570099081386
4871366962007090627354846689039890946510737719124183932106463214354057993036347274930750831264123478
6329280704009758978118408617048686385038627767890930770493442950259739389244873609014557138439548303
3915235528450443736935581860743415338738414964761648962879046385707702027422112040900756060277325634
9739126006656283856181653745425836156080753839893342787432966771976145077327305879930639904602089750
6534378606544109946654623801418707762510743859446229038709716674192457145079067487184024636220561206
4771092673048914835019392384536874151787495416273264202888127361238457621310458819235808091310217844
7526682831968359836939843557628390869364701728257718989373927255415644530835686243427225111346176522
5930047048503296557253197654956201834754595237209563355117223487788602583277341397737037994016736688
3027189608202951887027155469371193117037504293346895090696364178716414280542371270662416965139038317
3099765717472333463954650908019269773383120103426770687257621351219784222845518943617259268669685930
0337799686685648640922012088944067719099449044053328438991010257336501698770197929870147760439195198
6431252465664211351756125261205203099449531887768261733371848998404535018907297300804595929760189464
7871706121113306530679520839684311953424457084148026090862570220293408798296243183309064957616970955
4913162496898242148817402733718144007613013897732990081290150455327849072037996611478681245928613960
2788510209496764306907866350419692737772018778574641937698060440400785035331522493529773602552596406
9263609961690188825346588529977689517570928314629716102578176906310954227934955170710988169715821933
6627066450671519259986703935014492653140515766923004436919550523245406441108598711833773270840289215
7887081511649847792862698145563927241269277502067678747178811593844835184842252540740792094799908286
0791011635955285038051004066191880532764075668313099782096552895479612198593897689569868242739973052
4591800846847104089967732264381649677778236558487604208101596649865206772890034911163722172025173651
4560206517686349897521832863110169022657191147818349073153721070315587393236221977059318771996060465
3051300340758680824825890920768203011901820876325438793464321719667663281520992567696949081409121900
8965526036408889280819798376883850947335276244189002059833075756765018104705762434980647132881499812
0197361457327977557486781509648225916760555988464833551992549000705036687754929612566835859626619536
1714056761563492174719558919341097794174605702081895062918901997740201140007129061100622815649474383
0631250789205285543478240944598453565592209700825598689228329619021948088962434475291050406479042355
1551196023251475558521240476729890704299295263780845358919216097063260689248730241767687235340678151
7772596402127029830955794798017658341725163037022789215491088325754066150741665348319874155622027428
0181922365888309674435888903845152622998870718247157547459184315725452605826253889446253075764365856
4448220836385557869828599746446325209755500392001707707638696036770312583846716402680247463801948437
1327273009042541926059505033932676486709804509797031695641239602197989697642522508751676044933383026
5639919213942337746497548871640563788773404349059389378188351884464211447206555566904626267176169425
2755295856658577275908085385393639929504377722302529361634764412643649249316862831960961461145226672
9961029293896680827954793094721964582655262400738295757076059411265130273357023330568324636541461280
2294220901541556325170533424797020780741193328324505614161370620978054505319892732365928619096057304
7433380503724151868381925315848600670929085782931909519138307583821793735181676881402567819507707508
3859026032105554695263319012172247504031547827757644422414791069297017120083214686783779377701048695
7237530218280645730489346446026204667496055504331619666563896433869515596097129760259858460829791218
5984777365524466151491713553531871309652524171909894898677844400294564608099401846646123168930406556
8831598799904008944541885510128135743764709430029492505024651732210176358989588898772456465373773910
2126512174986587752028118571108172987899725488588421000576542733505643294883558770380734207890672147
7707860093268819663128300272510075647495790909035690943457331303896822336047577770676699782188047985
9328267703107232097269148582838289892177862991678955520471174054159229803431584514823031444673476888
7855123034101580577841772866187143299189483031503883076416696994268339700532120396117454801529016906
3255786992638215318702890265313772878478518865941831494076679362016638366752759242934042327652711565
4002861932950638984787149780124067319611229793409240766425854602474289445876147265546570098622081666
4983220686747106709729847206009113788964877161561665691210823578234783830263376258530738796186865620
1199729835813575015547012884352705221845803974252268463730179062264677031171659009792231814251392025
5397360250262866595364070632240514050501689925897972526898190996844308384053505789882017625596211225
0916355543172867906370452650448017150822427269569352669666654542730136636414243737257201832411715425
2200484191004260996906235452488630345032801628437001771946457049512484652908638771785999825359021386
2526273673730253123750686455365287630866232342523053843056618835172863029048633046312734268334334168
0165229222129697785402585824609630095193833604235871843989722410742742492141386870090906690847734070
2444065448386646535702218244259424644129743132359425611779055827667517176311944346878418541399225586
0762196860551654946068534772917671204732338867316739998889221845491292522552620247407798073264911751
8905320585045329488611047588236553133491432047842663728655523470540378762794611993122337385445428566
7028382042386740709193856803298711405453001825204754173157907767252308520403224733694252336665851694
4982726187543992346057792137756301735382465531532724766087929986116802146515672510529581279694413633
5781798110919682165610551677440390418287139548214529594529761965487150199931737433977835001993347841
5611439748022600890219812604030347390226757726825125073386055579975144561790126121040623952647498267
3416099860654298252946335700436412266797278003203821452063748197731030746130574749599335723954503949
3552232955766583067936015627906590480935535298604157184742488956941820095447576305496423456811662749
9687141100532212632311550482687286177724263191574978260068784138776632968654085375498225418447629578
1172686919624055776849534298637973869893858277616482934145482465179999776058648955727222373039763494
3871166219093960293188413479425770597642997381014502319016139470545264589940832887051961520421322938
2130998427072341445790732598808202826353242265823726701235377033435518009608013690641290290997640280
2843841096831406531971063671270085509220146806875210121996033741378715948841140397884006096402135493
5996648065091770255867823897890592244435575436603872299653846569741091551089936716323950427135363076
8220577351157123210089965458372115472372809443047300426387629473166340246645442621657368540244374319
0733597807999584166473775140715410939035820803071211728146390111615863745462497647725802814897809376
4934790773916356823181648514767467845344600616857082262146337763528051573875521579506681148040432513
6068272039900956698879098994737057376189481150242903679564055708460707723220334471084745505286946828
5152351966881137077220580578193596411741219266641523429549236097916599105353432232093077893154888229
1787358020119865318352448448279831166313530039905102122535521357260104186969756967951010369241546815
2366184608426066144808204328530943330998577041847961334178830127572823193335266198404735523409334060
6125680120923100911058202595138221571309971738296045527226807396801132932975182275016817550598901048
2709543928646878290090038880692463235573977007533495514550126804523195293162678091320163662197473836
1136293386377474727875988484172009446361357146329576423797200333727095870319736299462720778036464917
4143160928894533220953377324177723409368360394696577834156169609874806198770173385273235297315059641
7624730666227953906510879857716142372899199569071813863630963700964577017659472264177056173064244798
9239337157782826816334657458989105293452623139933551792145008420264986524562110345871915506343024401
0094834790884795596137205352413120323263928644207260712438370220483949274201570784259225007889482174
7329171521541369012756224146131477691748070425813801436564978473545117683163508337684457453871463683
6495802909609272983446222367709165431645764211835831530221988844830421405136535908705839181465835669
0194775034223671821753920687416375330016158304651032289908614498118107471659335978018967767617502044
4071993403111633785183388456759891011109923287835027181478603579884154660549404798899917991052691655
9034185290968797818675274143013872644981990018120007706509175299056259345474619248784072096136011416
4750048803418062101730005002524413078855234264122592897363348833444720231215922308363950225552748731
2573052608051962643099520591026398331173901296565529838495071168322814345964552468900297146415007388
3479389854379622008938731938545931748861407472492645649799376267428899278321502521137663597241845113
9511264800384915570053598655962029443607436685773370950658720194822251005279070217826604075836824069
8211723007590124858186815403253192556736740530173034234243026768957731320215689898348764983259516653
0161333003541018612836099328536394334441443439298060151201123768248745340541979275453306207665095198
2829363062699531441134689721793921115311048879607756735411448262691750769126081695511254342083211594
8611425810093652056407615166506809080020506002757088820912456690861154153127697078080098136803175707
3575656724070359873422681978397806527905823622401873539345065704836205070556437643714805245457525327
2689410498587874772584184975401513876515364464758086393017343148064187392964774454106145837010567166
1419953792235517299811311887565421886136661134726452138292691325611620792250077589793310643223050374
3027292822091264004331012411392797930364315970958731806442633283248946746408907171529405066540230655
1727885261033503320762591982016492760725022367650148453054556341322808243128650333450899874148670143
1438223910505443946404500488437037759387690658694945747013829512680260447519579578058754381852967129
7422024883539419615584145252050305387503635516628167552608457353881474197127560309652870100134128205
2514329773687532972111407499361676832756458850109050347222644590121780620836371123805570840722492432
0944346297948264710764385927661102056820013364390979337928879209376314713351573533110124664913945341
6746452755040079231807629557299608227168803006617001949646755440849790998256242503658771664135872425
9140666762687537887649046222201380845530072345250259742269824356068014879111001917752775126597167210
5492524223647164062094187081778459397655499244030262946193969350116079437308234977676217055757769277
7755411591081904788329177176320417170492845729371482920402419670914576235985146929060135209218813954
2715774714937155602252997811161112659264762639213345763328074790965324528762333534880246601440037526
5004721317689394213759682200111758807011207815332300295350235681515280856774832680551367211296498968
8242570769283505869872607139497610344696752859000392742044174836176557276798167797509979736363109462
7217801527155688682463829183284773238801609064196492949691603759245016935777846219863083809046168905
2899138872338960821130386554564049723145851526351226673090303306647393543113351105045411559883867884
8598398941372176075014903739900791090669710101826110189336771839187486614364690625121261109334404037
5660342453274832073756821761336827739551694151934167942260558110123576469608361731636052369013713128
8553354623370701896323667295427280992536039526617956829744514858924381296870872673182309101013420945
3550535809911207481482210859780910025100398643896413576648237124750454440615191205315715112377112621
5392713675738333455962243581410654139512358433488263336926715283899112760959546113287616948861062907
4399502730854556951173463783345838533583623079816893552470144770255643441416913786215280098860227420
4969851089763451598932376004172438756813064748987602568581626868779097849952550321539154976534148577
1478682288263191350816532063567851375876238706181853301396861735465366402014079272293912285358771954
3410498005867094149200649917101285641135937855421250643165668782420326629815184431621307069989671462
8900602208818041167674542428070673205278806391820838800994425706746892509235535173785367112528355928
4274797757347164179536908990775443374837722313660495049155454028387523022930420131386729507790016533
1984744567955520622709746721511484311025229349431808883174407461271842625138831268222201796290854123
8905583115159090922614639154631838682622589548317491131100302114547641191153292704832602994588316173
1239212540923831817149798211502839386831824936395063977545029451530923545914902700496336157833899334
0615883410180465128157766781135719302307872916955892740035496605274551666207005242987471559335995365
9334976183165267365087116925450766739575502908638565271267480832722176022357542266364609963466515011
1650818075288878194230471544638838491810150956850102051408306614387458118181870420514701893090363339
0507699841482156425417569881351613255542283250001999604868044475081252812831901509738204394696613564
5207291913509667982230691048178237664023105326701692701855383695965430618796364025119340452891757834
1043837421261097832125510305507194416458370822781273447949386869986684350009780858604738238436714658
2093722191718470712520730049389774108453182529077435149123443415011410551312628580861486505507791280
6557829273498741253960760401826264164800675682435775432999663316574058039120567688488447761069203532
8063002461574020408260666704774233790135552420570175627636912159971321344558124304790729006616425940
6717896933886750016924077342502401850336423901007063579693887823830440103570189867422742111456049870
6014115032292628020140750726059076992612864657021528759649478604539985665430520854408276821897861733
8966265014042535869174129341151201123758094360020397160740970864109260334995600698152013525818359763
0387133904825665697162370276573932307041489687080899838210194993827036108466453850506430401068879132
7885064535814058097523305211270240756000218915218505099804211744904271751264190000239098316953916628
6290675078190274544082868569239559132609076497646251230563561102345200832305369448731453811780990752
1141826479063773784354512268061258488056473293001899195712433716129563880137297505142815382559643067
7517275132957887135463725486333332948877894788608939354210996502165982454352309746733059360312088588
0161755413854962715614742593807476379267704809599990793804355515969528385687441180619319762689122732
0183405639100381497552148015398179452010008806072291362833129367008270520892164142713591741027222347
2404969284867038361010193926795674735382836039362417529526656794101286116605346064312163663447941064
7077299246361107178566444169850507485106875250801219392995343820547201918873801003260087811745233799
1868359552386362864707442499498503318194338914956107069104596225484808455561051765633883016677759391
2548511387715030018901925837415588850753995361226535509325214527585839008359208269747938060438658739
7681287746997484227896641050186500475203511931093152226722843024127089847130406899830885017213643731
7102931674424916107190968747399441420304277224623257698917098802446962256232404336994039856069057779
3002163073377013858646980509720008533726698804700688389454749118174967197167639570613749427978140575
9518344737648742611602691302665660620619472809468838593611185028638315897873623506705022417193484308
6470137516772269469768080620102501450322784854649205982578716158042068717154838669061357503925796620
5182728301034487325568175114712620711231476197330609232977484033741514291134700560028141640217160039
4333753680673825983154110528974640408743666580669569837143264407724365513634458308598781062454423862
5990905438991310016917700226719958126870828362079742229631927928534860917549085400886852498324256314
8242018824722591286747578967683311446129330255543796521261549264231481654305619712385347914281174190
5120604212185127704249177000851494020330035804789897853439261583618212960114679035644877623844960405
6539836461996316189556648898948721465243910182848870151584394001691665070768590294659767807826193681
4479822373382171705248415827438761127318571597342114209393030841668348759853125789779960251880836632
4109919439029894924160402575769283958821843014014290776265707237030750914631082579718088681339223697
4153141817928066629722436722398681713268965114731247946583004836238724762632955260671541049823932303
4229147878381947026826903907239265200434858555054297535298094563451060114577706094656187753722904283
6142919910273383196323910504074294507527930960204526995385947230006254073364005220723327472657878187
4853864028180088001438681880797373599151820966510945370471481242410856349099172109330681936407381311
0762463198907099717110876757691207212619023069429886760018973977455055431262054570693928411472176689
6940428850135123762610190058501638570144518227287675627185587974714669670813674586411875366649807763
1247672792526204964041363037762918317156721088394479435931042529889691498651454791767024216049660077
5118872810561273336197920008604815873256517468705158031903362193622095156830331204485926915366609372
3076140035207769487403323521610671083658108295892427325704365466178968210962193917351469693967614174
8583045256379537685372837664393309934182322049790549635316287696751117083624592876855355369992416470
7937785363854946468718746851536568773112463189227832507580043788589425630039220840429697882138905359
1499005759694787446143985135173619791417864692687758932230018176700780887413329754384670119938092056
9412957564722653155743754126067649639900438210262858189334233619123676698125699572466265507710117859
4105069194759251407175070191640806031377101775022336288917649600453182811403461475225908937954212893
4250242566891765998466710719167739605160502954897728275373920406952819519745768292514259639303165068
0560673787093596919960561549041463163694059330847242517667782217031741636720834997067466993887440249
2683711830978558778602471990364632149692400685645908896435593121410631440067378655515009457368569796
9328586823616775051657631061909474602523240090277386354711040632090082386593448958206903137663503182
0810058552590077218370151478202407206928061261596977700305272362479366074707225081200896283958936616
3811498383256718579134564051952436310125521678799106716642817601158952189262646328033794621646472315
3833945106585593363573247649419512636136298803293399185963221325672602841234550512703158829639889487
1417268127194183111073728452875817956860000552098516406617047109350377406219392391914183471629398121
3743843514740028635645872633835301756068527916203616571978859782000250005071383455175344969860219722
6716506306593919722710654352883229795210073669150633379212086196770906049519890681498177767951465077
9500630275507708976794304162992010829457897437788275932270754651482482845128716935863880275689249536
4252995542972076465202009982332429776528411417332050899217291932937553368472540353384584874959841688
0756272648678725806948831788541667441292049013212539263558142526647939104468631383457669193799416765
3907748915471176267220277653939462119401316245391453654936462627862539550415762056424606851603416756
6105783957869832279442583173314321330831248426282488928279174768927349833169301043756658874722771309
2567260004919392754140170821519629697782241922119180937780863765538154691119622964826071136564753247
3635192512127236880042863792184931874289695215865680170500022691632625950678206683734604306450232594
5104320655743389624452311384922774754797593517452505723001638140640345260255309801751789976699821669
4794635536665867609872922024036874665788020422582117111579745360906103066507442839609271034748138907
3439646412839043120131276774065333570230343480691931598524696133044964642367493664118147346889715468
8947922902957703831107726157189522888079622411900470305005472544880592321678842820006289533758110440
7055773178248327089821712271934312145009349189657766247778826305542016249339472815120425099077561276
0705933779671746162755091791638110724275696722614420638770599510623913867517914079646484110605691355
0990831752778345604373115609729954914970581567574898709077536368473156913646854154592173205111543137
4652430216643279180249417126235507497347973105347732051316798350689303442662001184760942766140974673
1315766879544904138156933488123443080700715008318118397006682413861354977700781083481901016434943011
3898138216406817167467747409611771356376409658744419641124883005167017441029061947032211049605408099
8142617156403630526608675137186921224892000450180149608843168025826137334798752346814667722521550928
3521468988964488649256353988895264794991361415490394730796680250743494274601119736400731508178381552
2141976061233332087146553702791875534009652345442428265311021593865445770700086263652503959243729939
7548777633345710363129819743285048679691623441131384975990167049014014673580983414382613481425355714
3946437444659355498227846714428994022486472383157560283699916248087671103570447502758596381646466181
7343818312414791460800503404019461466233910279365727720512787337509614690605213059299767810655440391
2293834830793866531569364125447584088372434181915088758915894928546240068850218722387042051177013831
4259071652873662742146206311976005183071824374664376975571419615112973347444748003990220604108299544
1857162294986038930155298391436509559811613018344860359580036222322881862447810176233302933864073142
9696475616407949125918634970770401936784159083037895920105126872937617061843744639615014229945185341
9443961385623401835051868104066487876581391050992461524492810059596987039421304298283160363241552964
6463813348492944012563833056770698543332277480554332379301628843812339156190193643649289300664132582
2902006695965078750218586325853349829921077368712385049895933246034194064859285873837956827994055333
3880630298732148015088130409480335738161388510202289149548542983399117054845129966664453550189393455
8419548122117919532312689412947495203909029412090165842768234219337504744002390020628535476856556405
1187013511717541299492444597294159955865414913947701458651983538885264265696228152255991719462459981
3481398040543216237825891165423649606777037080339959890994716576129224342396238707763677813599038443
6598508652171410551817035066515315900651420189301823568256361410030883243972962375412405617877288242
5985549532625151257446555679157118683410379687890468040200901341263466446490933897066523187350246627
3025019182065696585671762626051729756709892147172357394794055746522057217355537610152839393135208421
3709992109219338490216025858990178228776468689407117335003944996329612778247352210859802427640278006
8711952774291338341161602612573382642667297593122260968546543545148352013527468968871780183081411634
9781528855801339803843487262465572305447144575755393203953101591495898206445423585521060382755988795
4088026153248289998690434713710545079246233298592067760410764431163280358929030408721543016111964957
1837406699193987009178043510347277106850168102067868354028980714788050244621783868325403010248933315
2461237730449684736045133078854941215473200386562089883832644293810800519952014555492845307532587620
1225490496614154579818531618658796380220150538244736965184380147895813248355033939671660133753229781
5629346578286316508885083260048756093504416337053707779963263414374773763389662190770515176841161408
9553864914910325869178983834518693706331789615764644045205878131253079728469231339778824641733192774
2208554560491984949321401743355960063647328299002530447736241982609986040573662149534435100960178074
8187653332484217477775649609736281468827675507154316243647941245005320320111167727830560992989404692
9105536039945267911286382062651936190835185349118346928657441256524839333195580314273436503439938270
5256378592648709955570587391136956356669127590728636302428539155898674066414989085180803711637556870
5702826264712130080040176678858608701212743022094037819941666946515805358010652901004836032596726719
4567990946651351877571696307914443218178787601601137732929882608210091355056873802826603133230673207
7668207570014806253576136518866833783994773217145751446390080940848904418192380983777816163838959784
1230742707409230608697484125532533656648668653501344406437811943566706967136263281393006226425993709
0672149868651564840318779971661541013966863900572813318790254281808942279243685730509170754020729198
7811274953518715681803437185523221029507728170303741096125556510321704308463981416429705753477003043
5891399175474302685908318343509689334723058333286751785196691439609907502073886346962701966308131550
4772564552505261736696025719362700154434099614663431530597450713813799682321944743949682219958744338
5752443659456291109880951178049399957236929070730643779489928871381225571042087150846438252786343639
4903544133793216682404984219629317661055156878457297299594963835309517536934611053434784839970073342
1499825973375268875088144785004477064459308746494788312048580212487255251275423702515443483828760969
8554094069556921738272278001779184531730727491020702395937331845856879028458939807346437447988161566
0031903388658973070040458277269786120348831337476593115654531246935556602969773792957231453376563875
7676534404759887676113482959272942351273941666988048162517782233345553615885916998476154167074963117
3697191257139767543304247936518240100767241163080343624382244536377428484162760903418488923382373242
3210930104578756930679660818335543942581588931140651556043339139634358010490716146515503063324525934
7673279536118594292496128967737360440996091720064868379194415735398599003116954737352647036065611815
5911361783330334815204692635996206528291464061147998237094051145428377269051139828928647399777239541
6107224297125452951312376423543354213330933657276126597719445171311833671228067733409182746936243860
4465890455901156320960468411388613259227716267253642480438135847402164318298441162108051530696403649
0114189474021440122472276564160395301168368292256941634141298830918938870226514019952448948692684166
5940421857025388139886242208762799710265760622132076698163058886531104043245735739726343528112703198
5434347520181112938746108499399993515074668242233877034480412181973626110659413252081989192742618248
3117519036196187512193469391367246049601387778699401144153618629517768831124997600756480696703788672
4569452821433548992474749241860409561885467381539309533671659802728851241372774548565502298457106022
7609147375515308037917401934515930048232334499831635262003306609978391025747321852396682706194681861
2475714807315805515277421246003859995759285183319274415281397536525894880219846453575739667006770769
3242096029258369949709569960606810074987495146567719671933011181987774135528468637606795291883108207
4494647474593420148250180850225534606168582302727186186960150340682442248083711343175043027715434422
2542491517464566069298473845710610317978977053895446731312596470453884953529312406119295542068462934
9814715340128923212942447357215563559669718728624379803067724975343824975805674982855394397791808485
2752118644936817876956186539247151680800706249408749750406584209057174734717566157214882809408606735
4550459535398395131395178570019336432312108638918571771131804219275913897548635672794523406212934512
6054356383050518273469867802609694771278374242427978384862573980066238552677754531079760285205546175
0214702839777270757849493002942194155888012599077954141217607997962623879929450721758279988122775536
0601336646907842926825390506797819910811149258953464645261329387320448974485286413008339777142287650
9665159291306277516073986968232961665501357110217242280081607412861904492022610765624899160855074146
3480278213095367576412922497736352339974319784293260258418110362773811435343150348475118025707459336
3551616648788007046634372377265440383590284587762980815567436918235156279262684067432302996079779775
2054171911574717575479386358724307252362098940490168861523081297311835397892831232888907003035723119
7265716525388599196065280053263143045852899277875325226417732099328747960729808254890904491877756813
4427924503330621180557492527413209204388826418092456962494182896521990698616032415054127460886947481
4010184073734162938724137861722348185118343642611824374606073874233830337031240594166685292566378023
9444152295681571101243787504036970732303100136342508441652825012131873124584236451236972270386313532
9588235933855583083525713525880302605581290941681522529381356988220190208283800224451378916123948053
0502479537224767136021250063024735246327659794467118942456393014302777911225764527764835905019178594
0405174868636827537084865118919636687614828248545840767939682127507175324768004920581340482185457850
9441991166891564366533816813397403395449981747883338273734602735574973028987912747451939571273112213
2589644137851924029841562809098461516635618010103857501777807811372919224211680973248113851854946350
1198740507071265946638197104505465054191104878361636932809508615092450545904500523762390185839220281
0648925807797804795736315684418615090889862237960362142886795181319295701907558053953932410828238334
4733587669980816547824617671797084188494676686854195392743521231400387440329497611278427793186128824
3046382862422581610138093208065750184012753524949071670105709902472283085302008962691975216793123266
7693380651508204078945967383459168235267925577365780806385765849448603945285648623865819505046160152
8962642427602127833631512243865290196332773466183274658759772527976464084029492484068744375484134883
9896935997059288755548496633393135110785227478989338494362370619493060336110741213113102961246975442
4316380564807371678309098354722880216141608314260930643931509263213940766206324532525916904099171327
1250808564045951777758602328235877990835091900574294458696548266377817271230580899960841794785181960
8974284697420086050687568588201114335272299402238985223561900104274211078939906476213083846198047038
1038301387936341501134680440839309677759538763790268129194928553674058264231461627043410987551478696
1730375201810704417566995186363424158834183189809209491979779286886086284967634938129773064543285490
0067136434138893370564776481558757551120283319598131235754199788830290367395135877273276075840462761
9297529142400773561352903993000513675787747118207841575820220612145222967360760374700396020953033717
4493650390011647971346459542140777559949044029449484507533791862948027662667140045678842671057765176
0646561167447002114965453452235019044155444744182610639147806648526822029655482135223170275816763055
0230586123300560478074473160011728672554831385526700785385261666603233364193795917809562140239369643
4338742114827843601965689861463124105576906018803141928821800884544020287815084391958697234860592621
0460337385612618974098163839208979220479462001501346622808298497038768805481856268000680846144173146
4817538482581127655401149841249207515487404560687073171033737209239634439366909595622055649879918431
8372220835836919958681838881260494502048888686127397882013325813024013538033827053477523717139930340
6944959218350224158346046764347265441869272724121032685836179652663851393892307876868184980040845478
9294472901740091800280591106713504730797172381754158868082557367254717058351553467368187843468977489
0020916120284944298083009203256657323239872866270237937141947661767332424507235130562275063469704628
2085180808761741825800925546456871738926268459183923901376724303949107199112802831387601626320069917
2102034442702243444852827941496448017833915376933243896672553772800260210183467163779754589931746713
9425572849600593268974492339246193307862994132336650302688268743606750146824396128835678057393137222
5179961321246231825175038478722269118426057137051370847695964256087584645100598372812529631487485803
6386712292754929965256213734474152343824767486340615853178278574692511244577012530639767571675554858
6243132366879019689312977532141874649521632362715933957924264063435590261985514106426724107724627720
1786639105685800976040238607981767363318339922973523881548831489941339393582402791727418857991970516
0571280560937613575027597383686338081395536398802619571934927930499142279046768137655294976090547960
0131334795801234522543591687673693392204081212773547814021991093421140111527393257784893022891342603
0184082436884483414558471698242463772340393086509467124527039174439737512931056120197100398981119250
1128893735693117414052094933209407395510177070067008196088962050895645483480625823279454033498267249
2658513167348039983079970882650471154323982392420191966504812277279437809949321247904419465387429608
4152062416115670925998209656887068916588685915247711156193670332731510928544849385295472965245774414
6597344322056831402746949787781105579050117405896782755346369391340594436079195008021017404532271559
7056772119330536435698445055746481451773101272186100841809792873934176382475719356129081570468178246
9764146007251543252295269489893145230329172801132719434022433513051806856343581230676842643328029839
9649512655468639630631560727345888856871291897654525453318373479736294274108575404992524014608521108
8543737083231992637826193016312226900608800078619841628698388297026920118838028246187711910617546179
2252291556732452879128662541389343215648751286597164450023936156475892723679323340749253740300777867
7783803206206596781730119863712404541298885751027244067389741009630770020534332872091000296599995377
6702042082230956930133859689075496675319089623432449665186618946048874437334675766879601003846975902
6037679604240275019637999924597767213687771294558059020414468870196548679501216085605904509334649338
8375708721144466143848591558777006048999258118560147411420926782184664856976748400896281558490884580
9620686961997687062153775216225561519977758184398653722775169659006949331439569841361564860214450772
9915366930335753337492386418237335007168003396944433438603631078229457859289129793553978219074843342
5979194897210663081040573591847482079230958513734168430266956628625783771874684589362165434355481103
3200804786841242894805262675084630545574467844707040486633570711971420524102706332726665202785267265
8420210037302628096730303730635130111315629606902031618064101980309852625771968899467843596686345266
6913285857690768307129594740076064434411521103587431595615957507826029459376141401757096404424025981
7535231333434026729202760566811346222577220741050405395985836691619767061562161666586844075138863375
0117284201141005526368863624092589065950512087532334894242862223038044768644474381240028506434491970
7556172761664335485395001984522463215978453289367893985644905519049861805681890845433444754735147807
4335022765885831215432664720581793598479801628198638368834170263916152936673105078762004605933501814
0412487431078546890776282046234644703427445149688722631437102893205983724371573654215969120078135687
8795784497207557897053213740977299401264083140671918592978924596710135873664335217950029391933754641
3760179797306489972392682818288877877193192759579354044634017036355249774223416203468616209503499214
8670693513814719958356980373194167562545794187642412764829858695274349171152878483470256074221249389
3244678775506171361060772605925139651832609947993654953907405925337552743218940942147813266432380798
8141503327467037600343261686400611795109111395951186519920860250059630898832177056788687047995144434
1114004545399548047484471375470519085946106233398725508095959464643550953184707896110849140202461026
7789642268906543675209439818602448927170307573493356716731678273272978012040465084431466849640119672
6674134071991459840234056891469626871772052465014363297029954212990197137939998764972267242841731754
5638231372179940717292323819573019094642389418933977864347388782473816295505963886941512323859703503
2916346357545937467620342342654450899664879498846076986169080847000121554964069188379366636129615695
7180597871402379972158949044980080052739021054170752062393265172689285531707559994755413347411409930
2762469377288994650944647449899675839266475852886612977360119561882247368880192813271319509824210245
8277217675416385107512425532734610953755222540608030589705777911183126408597371927924714334953136493
0453259757096193695983462640007432485260863440657423828357698807246547413360601552566129104031455516
5396110702158874706385333348823936919749981107124759188062242863034629017564256623574453646038993241
4930396640200219638760603868795035938607944192998541952491756021439316966844753168255729625548561982
8840397118354573958046004858601402525988740155671136973523770717087911220253100527968402440667957577
6873035498121920961305168515566477583077122406888824858832389109045083714251347574257664876192515451
0980603140367967669306113913127855514986745524643298406999079010473727236134751550386744522923518181
8173137907836825580882142589797235419910013844241543527741048753132919349946468244822314317994802538
8366405177799333251839394038569011399716040137722027243263162953763284641811468666654114518929405121
8745677894436266418678989609979271204265673480838146485693228351411467750118260822968237062747847753
5276295633619570297072670295299980372070997194813846751996933707812134444364077814493907652066434383
1884880883059756066782803749738103608645481514958300736347131652437077384927559160013497906798980764
7785681472390445824080870917133258988890720269492789336168836553515515676763760098036343912765485164
0157046186688495022197979795040429502222365077285600537678981092092133450051762843488439037048803085
7401685361105743194560178982715569581768325132724528053201271991156234776151327006290600492981037033
5380778558116010609066590174671146415797464491642767987028812949210204961197216273562830663930050318
8295672514934990143690301358347176779244306650786161893239363714874702972827399375045099035778967929
1838494189798550573074687081446457241755839926855803863125850748644960073722822340568323216654399192
1339013117584505905336434096734545470452620700336774786569968587026281109920775323661431434921767479
6705279516234512416190419164791461342328585712873538697651198939581981205781052613884692572004331602
1655909174251816786170262603004797460507994410792072675613402158629579119866163356849047707430963050
0485302807980572579358728787344753168346561927403996357201587729802560437896027102686950748709883855
9969764708600180481671337965059129484254775712523393701940249565538431779485588975706613129681189447
0642077655665161592068212568522474901846840401642261619870773934270577674346017922857000677015463405
1974591767921682719330262228093970675380077090708204428954002490420572041011774988242758836346031881
6133684602360400191819542577769815394590848278127801195606201150572960135546113840419072082300668138
6742508206829138709468185663860612535204082701711481183101695873182260901903518922390295754935016929
5178965202481586298639396415835465315730736435970122214110650704055802762801958949066856694759289814
6586063705128983023083959110198330203118930232414459652198578416243191706604886142605940325327102738
2742224943213215461191480088016757886882618475723101907075507551760467220948604099830624980844263886
6568801633031741423744234440027227412933493342456546923413834717281479338538526558583751576905796662
8015350598618636481328121145319344833469314707317486312501892140183230951920687769637007890095547499
2417416483203592526892346727122493146904805449159921418675304583416758267205059809229238626895310927
7813093948502473084975457744505867176111333290214859845203296687877548830614105769445170016976780142
5045050330595047288479693954156566066284400899569552680276636115636187095187652499299936099821785884
4806254478879378599583787181303241424082836682963815785963809747926687897526761359975352607698967285
3291734099527399610770981007413984931893717829101517068549569262912150747744562539836645329417628846
3366775251495792540966415892741564499620516247502392760840844017908816485727241433996371912532726363
1059413950118056558962267122676579269498307803393705077045688720905261563904124693344665812972273648
4943088987291468643353809752578720061988665541736622162421723872777807983695430730064572162078733557
4185567532849146660780741307314570682481154662794399717595618379333302762469935642106797596468326964
8845958166888678093590654600324162920503708138260256301326611415676572798161496174057584237846202755
3043260942117318259040284944752984384219631723239882188674828088663725043127692541054400463169150807
8813759103945260077257622115340515511961692527686927024940561114867566704840196093611655513027226340
2993636478547771811523359644788156195068015884829338247937912074524302563275828715274900581207946151
7563149483805682602518377616227493760561024343254774598581379465890752687012398596255047610067973060
0864281712330627929880071088779263704065171513930636476260555105208565212422486437470944817135339144
1761453707675458063265648923763036501017459968048021118977814946161912703179664515558394443127070550
9251944695216965632542121045270349776309826269611264064029175318141406123869347005575982029033747818
9658257531341453393569620429676265082110623175269755619767529062087174517457570030213612886807994128
4149537553677290763959107310738796601681506815677156542977066946448649111773977262164094025960939575
8339293317496644954771918889691591668684759704397749858239716965494577848100297989732316613252099042
1945244891297173284883627011866736288226614148136086826660757639877287151176715973910955820112580760
3387815264240134127257732383066079240781361232654960329355144740021798309408389773291755318317221822
7128367317523065622451422403238774070126363442201793754243616338346298149268348387066236731831710542
7254516026063481848216779040405595353250253812762425585488143253564125977612066594950389703429764674
9202396211112462974093779855349659505592666756520445673201108794093500401088772610221749841695232970
2091096206978527471995832149170206061649330545720697932635124272504163216022811793075799870195193479
7903404773858055044535497142662284568789699939096848967878934387384572154551158925401727947658352446
9672496363866458775017380748982939909967609825293643173831284043925073066785550833594820796688469254
9759333540123815865544104396204573263491131073493896589481048519348564605561612062592221511652881640
8782131765468647182795096881745274888606727009683842036391420028762222901023821680817206699205083216
1787024715024009669872044557138740107559317238968044010371208928410075203057697813472901928421740535
3390322694143553594591851259224963581126374298396688626276831647806562258019103910626851769873470679
1773899617136904050214598956823961171624090919525654265932852676159494105704331885697835200892630890
2187493141015476565318494650650356334535670304090821980024085837162857239876628078453393425629216561
3142609632188158022459120482249046097448213281600981622734386103384638012839681875105263263858386970
5948455240537232550976135245174122555224442292683829283525922736648132683766360071538272607186287017
7899189835788869759654223623395145212068004802520965929020062407633506495226366761390997831513458528
6307955197434798543516917366650204354412013898440638692033435178814562181090044429889317334490255167
5249108881514688524050529661607035992153361931557720542666479618335295938772698534975608174262011916
0932201077770030050436221381694383642924404547563515812921506062320149027281266467491158985760233892
4941207239009019123902583881717325481792798123954323694497501473554516016177126487566775800454623139
5176494659716533147002641075776572986993333674956867761245389955938603358702269302927362347587551403
1616892229525901174224884736197607216280560977620438712370002865888644735450684336658317101813270769
9249206449610901879941581059144618013301091795129903058309694908599860639967178772777131770312762320
4776513442372955267156331431373685344562427952224144104981387169972905965701493977126930037839221566
4218435987902351430228852138740774875494591949532862849504018576425643266286163552596822231350311644
4716719966169668384806766920908455247127429864610272492413107690014106087520670869233449173489533210
1102154400489828272743161742645966162612963695304677078184986369091046142831486229077671570568481250
4138092094634481166541257812896281114015816056898131530345713590424183869825999159962590268189772803
8371035948472419831660655692751473865914269484118837184242472504982644989768499226217809956829256668
9890894112839077015278457840625042738535480302872383182392325519759717455301172355644062891600775086
2447798646271026288399128550231412514802499739105989820977500972498666757368575991174506432835613643
5977942428039321427810008742531652701984785600119004125196819276644869211791311310551990683580726004
0721793289875915051423280036834836068179218109059287731734304585367516890665522799259102205947250349
2567544944355300066684551615557336980459673021694092659970788860308843592404839328250117569588254281
5634032655516110354947275119286096695561025275649051902988169130225275711868652032249578216524420723
4560328656351152609530892986508484525125493316463151408470788577585706853430831151535273479214872944
1783040265526601517580966808196866334937175378016883836660159085149385734524306188258757663917481323
5159488261790229444236908189432061312867499023269462962178931219510608140806056904234835751171493550
9339150777358967857070678894151577271995864897796456149673055915275842304038413473537080061885655359
8884100737826899001468827447169024595551601019473615153489903378136621754909675445783824852298982132
7422652558406439145923012019217388331331221200024485085142349021215097659632855820356859722317316444
4192213210380333280285915734987843903211688962085805681853465886461131719351700498477032459109610782
7908949337199875048863615910009087846828810061175734805921291774807564908264502550181395074899397380
9270722569808787813039159342256108688384492704347102397448613319564935923037761003523468477039690797
4475745234186530360684716708259025960785715071835474287497999465247073287821761089771792862020608590
0656559196434879104151201052159581139562769525569136078981436325704923525036064931029956467822470086
3907356499618066421108161307081049910942112484161990680540649480859031279979725778670759224081668179
3264670213224743199861250061333846271318755752783777963433301294420585829318276239318124295533702318
5985338267876710687127992807311117695513073638795379270489783228636198941073348177333950882655521136
0806670062433210084484221182954820818016795064541261477767961167559584296608222124258089059171650248
7353239402291786809211738053555608105196046721590922801889383531908620472923475158679303875207204960
5219233431404804353873682379295215658210875113671328981029936181891483620116063047199649822948806869
5489992378302843511006059350282891011259619798203162655774318580396506975285331315813041639523772718
1199034201515055785170661840009710659228353336370756982413128565067425142767240304411883939195473823
4744378485704921168974951137747596897521895193936657037016641955341376268465441121627029895887591928
7450615211942186222826434237635676081124324836753855609798300587040975776957253881631031191119017758
1857629106109301600781480533630364218025950854468522956233655613283461825038902329226743765759873580
2478804149101551768838675642646155962298855438122796715676769013617102020266540955231246501904707365
7821149712008897220426977436575192800319101754749916947302544759370124666177591695948611690153863714
5189015704812430321283342784229599469355971052365871618765843408110304001610040267330015152987823892
8557411797092299153260180159170203733198578790443111634556026099477839088395917197147962340700688484
0794705640856825598053617341210450609392500248288010651292564133721247227407975734416650917529472341
9107885798364007333046380002987055971563615473624769273364596721726921148777876861631819084453206961
3818418831915445509935817035343164676441306770237434465175508428443802789213833365606372329982193790
0348273160631266907190496229455580672668139439732621184113884480963671121183111107897345592411729582
9323409652226134940628079057332585403564838982307808538791173125964780299929667835102290898244715420
0020503548268023807070928186574849810839180621705484490463913116328639254950935834598495200973428071
8738416693775900052502828862649609233992570252267666635839674953830073465899635777513455074006964661
2239756400129712249765118280715418638769318348677184704940299454822342405962180952459534439911619713
0129544952020580142047081922924218892790841980469218443463957676659815191403249168484017879892413836
5983176721267578438930108871015528554491977212596819067723966654205136711651627459201846173388178942
5489107047046006047424190057256013039793930102276602201443817181071513457360037854035858893224282471
6880556214980493415135518892228615613329836833015513124623688662622786497297785940295905495388937958
2405595817275562158041427237283379276393900198586395684227039722269569034396023978247503612018298177
1724906889817189006415384554045175255153412833292715119326062026508437588100622115402222778026382310
4157272383093926415720146727779328458552647169863555634748284400920651063752333790529542748923682699
2275907824114883383283081647014695186156894210107751096693255519801911700772720181462439901341593075
4782186176632724300892980194676324673714281556307361122629687040292487054861012462795293127552806219
6688369322457322960521465725061213174790774299695022665335391861891145752915891269027840985376594362
9403530259383723346547956114842429813193893038559224986076741277823941265078294894570772787601093705
5185105933106348272020883441684056023423960191588955048171574297932887241988670210029703514518351674
4335451607918039112747283859942823341629600790717369989930315436210918409534165342134766431335212071
8442635745998523833777378750455277007953626847089783836815159480835057226757315734352879152246608477
7660856311576957700351628915247985558337714668766062330080808469658182865346304838105208429500036619
0520086691951388578395236621299144352961092720883142204532485484130759815418614669486059062255962269
0434918794687422151018075350646646911055441976458956141928044673892195700594720245127477959682568282
5698015662790578892508725117939248515206424921396785994804103103553471473609301349919011390834353251
2945624577068303008935101658769019002584079272998225161714398333573926870939736116870505639688085808
6004809359468509711194426327742931956687769127629935922556711629331985948519757013974508612007728470
4464389607787552785311435343021522686685651464654593875118116691925632297473142363970124830513101169
6522479342537600360715387835809356981258204460581768367479561725132882427194782148626518965592423171
2846959102842991002865125344885738193282848958898434074941390346437918030798708332864700645247090479
2547424973735672061619407969588873310997279606447485835568498249672573156663738093085183182913860603
9847135004437300586564350559137976530210479843996913843819358947012560200132668479141787694406567129
2652879006311580342786059722390708649040262361977554589257409248751016942746604208714058060764346816
2813089365134472719434250822620458402098755795418783354134847359017575348004517294486681185935039027
0929454134783395798647575971330578913473513157054427913603913873169095783504055718802529230127365931
8468821921246924515321731462830564552229335907991426919657170280502555566080684722877146167351976030
8858207602204964402016014879531527347608536599618916406009277066607491432664939583105542256256105949
1682564286080737415961248445732179893819312367906947138185644756132796222721469096275181627656725767
4190285195739419204241886735378842893005847227635980861263609529517384949124973332608950263096181762
1185861105442441318774975863197730801107732062461729702576658420329650579262870861892635187939565104
9118500878928323270849715185880126129237380021579763098189396779588846096678805998233443124677042704
4632524989668433578394925119798058915557011122426059245317792556984488571692605459433205366420316250
9171260862248456784606772917072630806030153859017462977170586530031806783644087350174540198969710176
5559995991862075826075008352650307111072795108313393864306636960275736258506003963017545592098707203
0458493760981402793997468209895791318457481550537233459352802222354328207861291940590201876583014156
7536666051548776136933663597083627264821612370762501956420395732715008956110043954893522269667306756
5178164227228485513246044420329968173268598918797533704945122994097662025098909096639223299941223310
6565960122806725686016546925845409503055000292471338468688504803326730429001454825995565739155692242
0486607173660457987037049211119673654866182678840160869378698130440332110188017026910293705618680883
9916238438695061594936649190812237749166067081546607994308256535687905506739737483833033685050186400
4113895751202251479606486267936419499213599960008807598531906146168312071743944428140272059416798682
3976586776327541190814475735131899966796793935683268931283900611818978579138075802223874774881103380
6820879902155286395929503344680828101059431772113532516460924852525066390538850407867236809762725508
9320857096857536125780521148541332357003627001011738857902064356140346692705244504283764159282541366
0842378158033373300823515819571164182469538812750935822994038470147862521796143744712802307132476117
4318912720910792756027545519661492359175996511649419568966383577866768168455035121180042737540882281
3218874153939349747365148442002021315663148483603483659498528782383136590013723350141137089890511120
6422810791684155134647838307960602314445074662020272605878367356299973278688401487168709845959305436
8254205259828127561848691433530492535304372870351468870475138148871683477963195685749497625580002792
8475223874551541517595095198629495127517181239432989264276824632130971422534598504520961784154349804
9329505654738321295348241900814391007856258042693130471123168236156332452860708483451777862167415142
4198036212472545025589511753296991505063958342485074942429192691550570009810964578831106822294284832
7201147527635961577611922969297353591934023355657145845843383611649092396149766574899851090241350963
1725596103023927540042098998831468949479312982649446832681180837816310593190137202708962868243180402
9768681197232424689967492893397053009807749006392401258632176725386035206249506059570619251037315839
9800727927366828192231356318884819603345327928861746781534566008227099924187572673776412264550159391
5694476679983617781453978240729701599076886923373507119225388349075046359006591987062476871600407650
1657065389558857259020910271496120299213136078780767366456867786525858779850723668286545955532788123
2574022660625796963098591725960470122356083268592453452785183499517026050843926626884245439734796369
6525097879616055850717181535523537367705686895887461449193245715040633176681306812546934222981241424
4847995187619701597891893974849138459253277750850766787128298327829347641264508896350082196627996736
5931087928668120557894937514557229164485057654816739071148951329405776086531506794168329721289059368
7831598433032653202985701450813700003873958291002404957013095627925265611268699467906648240254072027
0636381891347974385165745480257616011329106448817601359987034334303659694503520193594443495830104202
3723257503080920176718695063938970530381678985205628361838441013545934080027814112330643427703282832
9334784041719641866577617790341611672321693511234774453038257756612886035023088388818466212820858942
1131137666049620432538772006195350030794802704635821730122346579156761227366710998473008588327011396
2561009249713394892024591705802642605719832611023779682442660353099025199981778504274083731930952764
7378894964875124644185818851006170382034604666730625373713073689798322686772142617517285920835616655
9478600521763210326010618128170372433238485202676542355405472572766136064606264606253773603532865836
8688847683738241901763025100575642807484509512011258160619923890603206283868944572603075235316875015
2777834835434572190929094780588952653837323925948387005799448298428901186122342300074371505886966123
0487541640061014201562693781157147955053496659548540142745449756322671735708382514926840832676351720
9180389767052791101359546731107491440145783884867108894710807317927568272561827955397803212292023781
3136633533234734543323637900344600958956382696367166673231958573292249956398870217248010842898288980
4876942732515783791582468073083792885972974054996026214260356885531269161366173190829691984275103081
6555961712328531797539270581758014739653602441972842727556537611868840464510324069144431244560521956
5977546859064292304545363249328591909657303336012786347112132703482140457675649633068399479176099336
6683589805536799308809421816286742011863435154524002030214755816400559824566160961054050832672660380
9495026732669761123119828965853914139090783808117943239439918255487811512948190608928230378984757640
1441969812340478101488144435594870530500854674518556153985925689462359603284621500922484769990065381
0556958716685371106601166194017784306229271067807818317462457074082521338425094492502464849673712049
0270455179795390745526678972461669977041377111697109336817335184544397758234800603141231046202112530
3699271689151783502841435517281730736370718132613903361358020299659852851045853395604938490658278701
9977644541072055360839259180337734118546540470437899163735592985599346778858243504526287868940872977
7959513564811825640280027086288832904116090145221557746725282772720518094379480695671908920042858408
8285425692857604776651004732406794077004691527624108180098965210763803293354341634846744961140408713
4682995076979508559583948429097932575388558288477673321035717042185212908015267384329684472356527124
0316936308598466364147266445186225769238787679617494923434747947317475860414837109670438956954284206
8632966006411721225294044880952218145346799817224787135812671625111600220958414553395457001435950383
9399292825969729860180649528178171526358488998574597888607610569205731029573647608472149078261997200
8768085772656561947037659613649976963025096061202286102413329508243093091859468220149965103950521421
1932699063200042256692028817244939203001315371200392090901059384386142701071827034999087003402635468
5990142737796571597667315172217998790410223213872829325953455597025442683582490528365320029436710849
5274882360275250806322671753501743694075978673938435773710843137737419657955164477681793104126584228
8191352507933445338508149441553441506400454826036114837088458814244866364286980927683038250588067545