97820928567009405100569444791460163814642422005559
00567903029684870441913132983521357760185426065403
29419406321962513507500492699063212159998467511202
05770802571055112347374285130282893119535073715365
26341145097146494426233875012332035405226964265639
28050992736290270306177060429601146324651995741453
13551954592421864656417575072510730905393276385878
76923801940957818826105318077295264335347999720561
22013588779402436481088220987432414889133773213824
44639284095932384888090054311508241143438177484570
34364040046277406610858266770744831492007819503345
51274535313695568839384839869386701358174664382574
43190168988723289463087681169433420501162989047046
52577675587607704116396214183800234516104937979164
56015970402478468658746928730980415041610145644339
39386464452520406701724456495935156063599286183655
32378835740942101597818034360170186187077995266732
96172950153689597655831464387767928525657993959404
36426438044329433139112185800864185157306007037875
15014232804795024505931750562809324064626817580518
60134135421618232828037859943983324735967385402292
12041196575994962997187600628759945017332824597053
41473804388367578169928048332382722959088100887977
79696199594950838349905746907703038069837987182481
19426344437007236802504167741124822133116801687667
33273164337447385357315879407035462736523161616248
17202749989154872507516784593900648651275562748146
01198207316069316023024484041474925078682063834960
12310231955534804631710877511866076584970539370574
38707250491973278597188375622342525900841388107209
42562514767493364156565841608899601565118096595451
41614010384730192722286710275268881823679556280725
10625557348488744103187395322580045769733635484180
39147218397420854407415458299658334991659024134205
68959855714944678781953423780820213970453472562033
43198940804368820349164616631550049526726187815943
72709736971367992511385965468803495126348898288676
94244660701099249678792327903200762330108429703746
98353042608224683623623274020311861129994133128286
42128238721702650918044850867544492376045135500118
77522820253471648955383216154707762203611369399955
92265094509662608052310518437010594751970434754222
69517222696434286007299584892607603196677558841211
99823176325607215113890659743724574881575760091532
86318335390491943752462352867614884309410413436675
94275097404182881672500573544917177790173155241118
95320233981206472400750932777661869949049656901209
25467527281971901671688598669722099942196412475187
40400866996182995640391992745155848111025659133087
56083048784269879277986263204470425442651476495158
48301573998430505994269047582598831183981144658333
54752424124946578923617598662143922364655652119588
49008894568673175917463937213109480254895204398761
13583097850286724118053434352802414351464796899264
55869409885470845749444580426683256366690700732859
35178344487329786828818666580626786915492099796532
05189201952794890008634424041082478658204453701012
18129866384263560938278075708238332185325025676338
17956423047351546943540573475292488046058463246936
17998464999138876597331006910252778347503098875643
30359479660519147148062401518285477047276782425297
00389860329464423962199009819790292247252336383846
12480294580749361747606290439350117905995659258787
96366976380150787034995837851226997888297491336607
49778133779719194928594828198802823726040460884491
25347085555251464702072240251191105616977921316867
84299128917368263080591466622816379633473022705164
59497277902122174430051837772383460881732608260290
01414962908393662183667845413492770144344776033861
90282424126765255317992616014122908051310838997368
24963418588241606032533941852253834110367236275010
36958372484531251867065684356514053685033484242231
35657888970624631496115555056409507476441927270252
89425443571337203517437152123489382160702174383191
56254547979540057892364588129648417891836881287169
25166787997152155117094221636525563354799393543939
55000266135604731050273069170177957033083814797806
94418577804042811748071301349838359859489023450715
24520045772130805467152252970351955223456673661010
97936810757069736175251838008304346291838816886010
32024968199457068571869344905217685458505460690468
94132131330656791558626137025543112514915779919160
41850215165552730784322130169793109318322835104511
87918465578306269701463229887275525690554088325268
46347287059167069981745057165451331617302727291627
47670262307132107540335497012815186724298507096886
37240343087877587588839268175032539238505169710053
89525899790636138697411983593722435964197205627512
20009762470665756902304954388376980510461656377635
84922680526421287305300789521416020957366773695132
77407348778659244943661069631397289106662315620589
19505230247508969662060304329945602730568828360786
12590124028663713191738957783418081080114099498232
94340943685399343011853483037210534689162043503122
35063212186062647901758686587868547249792193643022
82117823146001270362917069806160785247733495091103
59346732389202851915781049848346356357366886768349
62828170440555076061739862228510336484914815536581
13140105680257365704750208139666031298735915963152
68317084219672464211643787827440246309372357469177
65913508870743844947255294580327153578533295171321
35266804232537300016245273692916439044393485652450
80182833517793832070509511367413572000228339251873
40854031657295618977724956490325073994696626070415
29393218018337828406525254467657124517422282540725
62773626296824289409387806332078482367606521409754
51671106851849186482657460018729167507370962895470
88657573167322267504737947610330890753717042365646
06243270850797271531275161243749798008137046728173
89801580667230354745662712394765623819890192033016
03123390573474480628884728400774812781127356854272
70816671582954356516880742955572198185135958339140
94131834582144810480928875555568537572845179449302
78910749959311338134398695224275960460466742929234
49210353820648828370132355873592214171236349148673
15047308176821442680193651487414441238284367622738
43278929134034238878539224077249981393340817687018
95885407134614627829554232460099384576037975141308
63187492586604245773071132807966743039548844899493
77242767249263902210591496707964221081939336125051
35041535506253723547442517276172757850091631043932
55455338763366587594793884385168622193639374511514
84729967274864337434237106792136061259067566898322
51152619160805109804419199752608253323462280353903
99766676901730832494262368451747072634858448155877
47919063368943646283696985579879871430494203691905
41677500693351251085894153447854876115693413753563
41347693027789205875514988694177129317867092835425
36389335832623545092691473541068502359057803323466
59786910934689436573034212496549752826906198808491
09950232802274252175861903609381042179217002812410
50938170301710254188368145990828428451795409619199
14942491470741308140791267878933505282826337321027
16479262705282026949172949111524201583888491670809
29877368115720193410673843677195539665964109426769
18104303906820323656720329877311582670164423727465
12254665524393487013545585915161810978660383614938
61326068516587693012032525268134377875723158689013
73575159771616837134039620408248183160318758542936
17831964496819807285888239804316760706771318807552
60751429357346709409388311931524012559505789658738
91184594181675821680781448148804310739125867682910
63899910203925807600482861938157822346613939991648
53742522268589590028408077256458492788786569546089
31940537797432287752914987927222450481878962666778
44489151137247807584460795770427449774050902514582
54188688690406187835587343308406606340039164051801
78677732848900485748173797347457333376585354150030
24684026732157744456651026522633150256168281395851
25717691975292139710527402938565478987047537005412
37155256791991951124422607242406498824643440721007
89727374416404392469976595211796408324841159811521
56329475891543552654508209237872662466598209999080
60648251633876433751015782351258576893719576091511
67548333227516260611070430898744569242557426005002
02925207886858071695296661830511212065862495826018
26634367627829317420942335479964863311116048243951
78026024651665180441526385135497266258898442954426
69821113539185063864646104286429960297827490962475
90895055051758964927951464153577391517228037661890
98758257494941271745183750006279555124304077715630
63385194259161083766621631690772768083400817237555
69334969710801334632850061601700362281117107505722
23824613991724036547568721880569304376349166565720
44690827105922652169824040650898157014473645167407
88283468415535685597935851601477290007616646144623
56992085627770709615668851152815244425262384796828
82131221402028925077137514286085594662605627234814
40284610571556281759311666541888403426722084705008
18420857146165565821036202249270145456052821503217
14152368072528425286792347796349948200269317274441
08782690981401844072050039448873223363994850779650
24025578826136911782915868805355814899667309992930
61741034636866855152929468771791594284524757997182
59420166318100796133157525300111805805148500697391
59601559432151086379841993192315673718354099045441
66851721656026422026290607762883383254558713330410
10123931665344014345697918691324415981904767460814
03546305879459182934494129693459353357403008321137
54697885826923462570089732968690190514581796216198
75588024839607905892155301967856095534737409056896
89247413997454814097674347197942623421273375573826
05667215751302129636584628294368965493333284439559
72652869963091806506918769456854403986568200395049
75826818512898754497938665281039819008532480744256
73601278382914701889943498118227717116030560351488
50957237639979685569497087838408759474919957569752
50214736365966069083459318783399210509944381814304
00451753692114157738601240582727816617870351800503
77868490156126928118496922699842897415837791671383
61880103248665006553780048584721981836337134209156
64694642506575580871293556175054481469462922640234
63628457394572159131029250082687256099528385529961
70751562959341558236580319917683309885313256760066
18236785246741164743973417354120157644746020257346
55753725427434635647068549864679370964465972481287
14453605119367420031557377004637781945467106475783
68385939869717494398102891733137908806903968169922
16390428704592674243326061899620116626653680428217
78118028154282781726751689347929492810711556532288
99456415010001536359757651863172581904807693483916
18609494064757039306490770910183789702742546006244
91854952979675604913297752571204389284220203512324
24758307974088728246748109196519294407942069060027
44355234326705029637008733120297791276397527095291
36334322821515566242958597568489905710304608640430
75065187664798095171426349991288481656694769325450
43553546807436441178980719693513724670897329188064
21528461553338703893322881203116771072115472745422
08068955476552687205210676378628382472764609041043
55302245009042684694016248546737801835484329558450
19606403169480538292371751110677278401344647856604
18353760847407739407736491122800732445295315338907
83111624691244944007871059130523196345995121503081
20478688142517163943318728474552282073635126123244
07602003252550555777943676508053344464736351101308
53575460495352088160340149029962225027381460749769
60661395412905459097234624332327432784708470652086
83398402106955148539693787468202679366641705569541
54762554658356794835570396046447064903824705046437
64197210931398876845841492425224748541723224673962
16670823534313789750137162153160871530973707441714
31411070645297787795988402615621614261920765305886
61736405929136999442300856734022185190424089557713
92789269274762844938946162511679501358585511477249
47651342888135196975881531080840888116296557264427
15106348337759746450674629841281400425106018592087
05685120566442664437154709122126124345451028299674
67163979076494452147691304725789772319891557371717
59569056784554322331313855262704123438283595829690
31774677015026397315524354801892588522721144051274
92264884580864793176298635395066333695608546603555
02349333847170025209060312957066285269008992931321
62335499511971789001203016633590998677053396959735
87653679620538734386059558396327540569366267585251
06730918738070121479063561509200689675691594916184
38511569420999769325671285292388375371754611339875
98645524782758783852770739149721344348640189941525
50377331726110842082562839775265121731514535832348
69043584248860225338943451780145635695462454835036
85840644557244938507515371762433248476587761546793
91224368207809754995492253261199950366814072861401
22110426684431626417475026910327206679008401646133
38396629279183177113183308547514861417949160277653
51394857533641229827139381906286380788681310817413
47148832498326255381855190748997849455117762138269
92066877851910700591165103781529064977549635979740
78393028026390166972144217384237754318052409756027
26042211592279030813709422699794193936630046975046
40750812058290675574904078891594001301579609650551
76524677149058452807949779807179255153124659687639
80114860368796069165301435616428246576233232250665
93115420372628472379033897118379594037639268544694
90382469277092515707567882953919115516942392603764
27904610282392496467408761996880805030350468402251
12324361806545415897923086259016621049836054794931
97513765180595111097315405097542711501610190694394
96530960260225458148603108408580149829722444087165
20284786701997210415173624924081478163564399348799
91625274303420690086415251025326384870629035873530
70334282063980749240562103707677799915666196631581
52911930270332370750553871593649271242509641976306
19221081243960607893678444308353902016326650104536
78652721525141363342651780040905258195226734999197
55250635442504093545012080267746997425927362355890
22673052924253842080489626333433723490316320134945
19619801006968250534936716577504405214750857036313
68198152867130328075447300544924849144315590514979
37840999587709455787621413327193248748885755642007
22951352931002711878936937268968986804755420944067
50331060218708247619779462755572085929028836774361
98775189182388798296361320955867376249215474137727
92422710954954115586003288474823536226297926248795
35724902838885674028016783744049728509995432680207
74975661664417290411465878672991740306250352134397
11342639437730166060308701029670162209169572048794
03550679074285361003372771067723023979349974828637
41464883392153812696878715764014354574209458068789
93953431847458022873312938450567997237939495044620
85627695342831346440897709032636289662271161910135
27230165043208546222045449806659818075032297195953
36680402690299737906800128967295264988948649892768
67604376299409476806423018206280188797190284736405
72422442956458264305909151738193150877372434061105
32640068677747189056049674760171439606419741041787
09350980954749583237953272175884167058859731793423
72096714892592993161281119974768567727447432722842
67374198719894472438501962282152165740036562352280
20466932512701116580770429961900932655941948345124
73071804388284015729783268387162470504434996797159
50230821072942389707301535983249359763901741555655
87827936912652096948281337774440075855158089345505
27691317913320735171713930961230383982403611657484
04003977765223427554307232413828148553758576653159
80564036388074861791234421390545891177459561303526
93256641519039204148676636033911741949966462408975
77957336526520210141883536989972152585509882868725
50347558053299706977268229510876437488895770050649
81539062684131906687001427884401487664790087240748
11805750989078070476458658299476054950753405387222
98816603989728024233505088873942934516757909691552
06883199374404074575256547958805340759050832396438
89140303400809221593796160700921164121533491381639
61397546805657090451501025692904487413326380819634
21732348446393315999506468107226235668121601368980
52783438781832047551116391448616197490744730380691
94810563529826951722009474849647299343163871383925
73254945861816974918427277102272809501099853440332
30675550803356345848841925955793467232404101316252
96340584344495004334318838162194698904197086297621
85036643367079612200594727424348044962358786055547
03032392537418271828091596738114675512874157883887
25447103309085282108256120662094599843829062221889
03957353096420670734569920984187326646461170287293
89473855884418281788953597152973905239331853440787
72815767940056431207164381908882567500325530441549
92226805060064014288485765309888999267604111534077
55021798481127328037100614943646462617044044201931
02744045487518827392505516856214901857864565684474
71967835656933657058592872256852379449882604942909
51003884316055867696357147125214956717372515679734
42507275170435688857951206349634086901809612571235
98789385694614858409355421361643844786268055763719
26697101115490365082469538275275835157216833044783
78661817149689001960032282502813823117762876969849
44320115372523685552829361526246166556067989179165
32020689909017444238252262709421263495197599202613
46141970485315722012334139378836423081744999665921
47118357615837129633051458671683289008584671417329
37463610626603351060970472395264345640324900222734
26554239187492053469370277189929947353052398359995
13821609703279625970694740800411839507606856493308
93542390511991113410459654687458138457535386985862
61089801712530314008207500506914367366731588522758
20833581098348475359450504400039212331601021201274
02843175105459787492000642489295416473557869635757
44272663051022234994167046866389098477338760992865
41239541243814287305277987583181182375099675148074
26629908002350154046636624009928597395828292116679
36248199369645079671079594890598132178789144252786
75731911688047714434837391257405051600800698784920
48844278100681615568145160259377713198777137312137
19005740264425317200851979625649568200441022470186
58596841767270166194345727712591244416071982130842
64073694997930111342962333160632696490813172976824
56174089149189740367492166084505034224085915250582
36792596926307163238474933998459733877668819467067
49424173114080845582425224234081198691248887461905
74450523224183268816659764602427168157364175668138
25691521071704855521990269777868907828577921431477
34239607942639357382199426311571236609301592819806
32840230159974648752221750183429909178464366126379
05960484503072214613563700600062101214450101307512
35797246801047843674630664544248182634538344673124
24517910244152624348775364751602717041223359490515
62824234173097526077798335657258494604531220079257
48391665270641859108508365292311195588152899132022
56278582512918850563684478465775200705279465359155
90279515816416920005325736751683384834246194533686
33681654306237648897855033449823995035910348997357
85487265326414572464784438269916647548338712135600
06268267672368379411970859526857388107425650840113
67108370208790662949307389086390086081470925197392
98935739945108058874573332454583311171546328924615
64682255992007202052674486982828517524263386083567
81100243519750028957118680725801140399445258479864
25768365428290853877958490826552862131945614090556
91276540311424718784842970974836586976578349354500
29114946033996771254506091305019837303734230544489
04877335392397231367187477549361985858569505691230
39912485758796531853245241168235007799819068128070
73620848800841715681636370748956580333975810830618
59565740992524586209682564992007709915691116088782
13274076916347910533914032281756420897228794027916
86671727353703986994238917815610293719869854138528
08491050858852092935900684358940169482797659528793
85476624494360296664978990221994798750701679739220
50725734442307220540114884201983490480642048544146
70242133001953697301196402581935552743653307316866
11772660551462339162458925280548910928765972485707
66731007025676560709725214396623501102409792717483
68832657810318737632915025664994250513861963264105
36967211367638136117733997069011930589570739769293
63825919857578490878475309904783410728579304075515
09861067194244272524699706597964584194259758947629
48878831177405180054309382578422445261226267380301
15779268788003122804419688469332260121664441616216
83563679299794919734723426226055809679427637769912
75786506819943548253477511843895436180629594667508
37476254154924280380268111494010282328623812390665
81078547505440300096907216536153605213328602887930
09758409153113477646517035098671330683900250558191
97530798047639440716685801690756856232598832133950
64238095209365972885540490560847217685011965264568
58170650616142302637560801642705372615730287882736
22434170081646190726979714809713777647579666441422
70752999683580588367811914304026197836569718293044
63256536595475922980715660620099241213502142519741
24916163266815202757100951145182454756292312587257
75599112383426209739042634506365521667805638428820