3411675107503129083208488776653248257446141901584901581861395777321021077357018700902685355498086519
8099210267269703043729253426912025804444537432323085664085727964422430750163557539583965406346230831
4425474182596483278551899978846383940516379426092820622005412653032855998921466847829942751838371473
1494964712749765233139137056731773625551065528952441552402130997416376411287409771258071711990207472
5761824406418955237213778330822743284523970023983468771790023681246298646829534304263258104563274888
5716016397515762633669490702139189265652449775137198421122100996152509321287621973874147588868476328
3384042227831411641969924612247109554942172668656954660034451602442701813983672378542700618321774296
1428030485461324960700521329584738230802557446038860392572976118496731999268551779438856928534556557
4556459637543419993356347165781134753922102338136068438273502873247831473242276127492142138949024580
6781686673585219758742473577251154507399903702248521584505827901427281186393320288573407497092122555
3148622461876926580486178108154222767482361091872360187719455554503702900445328225450392229844738247
7923126986359368790064913090570291710243962430907751784909826859090934336952013653244548000142184776
9519754739339624983686439064418619238852147580963397462573576452959453730993160355042977717610805681
9227344913902568809703081741950361683674336314686900166085855945165403979376902862812364864066086769
8053131634382209127561672019862093824292229934135075970638143761474961763515633680488000737818117461
3738870758200664684014745359019726513514242281805005311068045038855521758250879874471760180505052252
0678360953050733303726169650594125450407680787913300081319128565664320771803034160606153446315384740
8352176293124437372340992202533439441859454262913005106052275067007895738274296816499869991575493152
5008490239762331973538322826820019823043479848583642598820314780899608326495315748171666905851893557
4488626915322635055333222778331551273548005554209000747017398864644550079319142768513807327296184284
4734448030160359218530372968550323057204521140355961055020667516089141678134242647574835910809166384
7818099008663686987250824928262531900727532119736014592766092880570067694264967914947677768812628005
8694879280385734262862366148431205671216055602796352171053251210884984906837951542405697545625507315
9089663060541962461810992277188006139118037880986333351686005520724524166724885380891986894523502979
6643176793906743967478434700495640042387124246263099494058270632751982388383504300668506715547645820
0878612122254964473761347594086498000703440321461938025833505697767076023551525913084671771479094739
2501305953085768458355339139092125944553383875698620803067494443875891077377260178466395596225760357
3266122229974966051446202403821698682773063460284415304334220792306184341678958020098822096740987186
5599679550547813056003947147433698992526146142886677713936950456482832404745210107387083623474280981
3776084499674687253792143284128140768374011255094743265359679861230052832566190977634169103232700148
6338455122838293273599611709654660545115587313200669367227732341868157517628646786890282214068673001
2943883848083481726702807977770631136931390421173236949085834959378768133849813136826912009390522172
0182463550900052039998556817286280932238007501263348838131776757820550435771073936486127165309992210
0654544662292908554073821308790706518068084145116221237902191959549234375019883688406410225618577113
6306446935039127281559524656933896061746452753660646063398861040057942796453181015402825456672508406
6703061624491656126527145384364656481764272005864729062782500353062553064546271780295140094437959856
6106672183033345364846369220961006673567723164685497895102918089200854736460567037574184887340696148
4697335121044213220258862040824234057129384247771936558969458168075953666920897258718798973496570922
2800514613891693358609993971026471927296921120062400509064389799469725027916674362430639871840506345
7434047509211184681205314120923239164810895585004205940395456251808513223710214076036775550191316699
4027825297825556165592016818505447615984208741923217424734992625895435994400393635886291725757568905
7868870602135823701681411706849439990975466940948838588210215280361180189834322059255700295344803508
5874026515918765152948946178609554211365257684492153971066781898800425066857560863622781219485821832
4000306065687643997907542651262290091814224943333511239142469945447251790637879447585931425045866232
2125360031079552049074963936117087595885776423833324522473000524440080446667629475968852415868995109
6114919411156000594687717573972703269099290700014184198881774182091063898119790096077159102522749206
4627762193185905697370310430571531474406821617726378989774771085503286563013039474656657213148927354
8538302104317951499194616243373851989913159050122169749328317324726677748041173758226340799772266072
5286116971461099369000408326654029508320521729159347383074714088011358185069372532697978500058641776
0643399079249573799310662161013006243697458451270204066920081967038140516670006287172792433397737332
5567461132562547764380474826071459051858229210011600561421006067312911086325827696317452284118707070
4506431681552569749130187013727235495948610020517686232991368286577497116090266452358053752115112373
1397229779327688188789211938715250544607085246329025308457934101259987340278829730618416148792819163
4249090600721909611298773869534583347412317915860381710639359915119908671323340494343218036832107729
0946070555694458323137222382702993556638404926432074049409764795055053214288601547049393759885167797
9385729647604779599083640845155038288451939072830914651680468924255159942790420456914761981215322033
2556259484555233615215545749143860782361843945510752703758383209935524160824393411352079608757476456
8311031679358459391806068363194594056557107753791526715119254644095312647170273601861722379186678113
4834481883737090289006277303263020306071964528385285397010105339859544911427577790838006771062916634
5775516539443226787375097356747866252625936241469135209966608178842550841513838618270626569134836853
6731287533857051617649967826470339328228475113469191621672263835280147158372936906335780562192322036
8801012508633809803162395200706794593610551459813835155452323215913710652771927566457681311127777774
6252466145968082165718585845635860313338494255535942189715362240070860608434519770238776739720344243
0601752100395337511001341695290591646451208616301833688677174066413592628591132927943359882701231400
5315463903090002564248310751787199072521812734320549591539022193874386737369126416871901010335839901
8721086779836294129450619275410023134517570801371407267420243189701500250153213212652326729128127279
3000433520543751493138325923710451878132106889756929875761672281755687015231241355909212780087397264
8475122776134078028103328864959006946704058872252341648393729389636507948800246500729479198380347240
3954591879428921906067933566662724329687417919127878352619645019951610352631411414533061537832223876
1261884272717603486438619377608313591075361372230214833592681592133544892600464967344074644881668166
4456769116158226974218263441742027236184371526929004837251599183709436857820641326538641342093583996
0093546979773345866285123534223007156201659014562941864323921795208761949793658785845914959455193288
6821892467085085341817109883610722626153665308550887411503757202942170077185577387945049944743109289
5626200424185861333872878284623652440061020427292082862134254265341408635175079533102283856723936754
7155002594601756404129838392101283401861335574519652890330934830463952142650874770919855927005900913
1195392580681476501270963191145059821936174066859544213175319721292166194750610038983936446722008568
2519640607452782004737246175273028323425869504121088887810027233561923917475174387684843875956188163
4970558509308724558965347780063225691098375882790162671804391505818669600354856531267763957741370708
5034878731372928388441801314163797871966859765731915760206767095473782574398406731539690338591579984
6737016040605972068897120335749797337510550762591022329147891805658945502557898548478759993168510287
8873068802388204765887087047867355103684966213735362533024651034922692134664119315947108162999666898
5996652343495167693677203074705767122128681918673672514363923867646622035629265389184745874445158055
5587136790984547135937315969152867682804606531924395373866614978796398156645127376112875200755505505
5898259514208507446508024833598726229573759625127165557738074705877919427594635239377793219884196450
5682023910198541896828214736473088956258923904674369065375885444954269290271731256502726134755052375
1584435889654734941539374024915586081475552977423218392195829077223008268965325374274032007024272212
8489527435560456444791632373813175067272075665746937526125263289534708451196946211539471184049003477
8385068917713812104982953177834644645258260408818209320408383388025093498512599821679895600061332985
1485194643632703053735678016475837804882170517980960353173235088852695165891392174641310329130860118
5029213340164926942095818159876478329620228843609958851540548042223198200470825572415430401563382895
8412368130253251223127628930043523475698822198589245396801822782039310754427457613711475895045528263
8180514136951138093308605186406302571568715035459021324561337334949557294380054690317036518081197486
8360730999109334419999659595308664853471476065762217909200297007346850018032165422700280913745723760
4994685277303726877819271788707942054453951260258134952363664593273546905473028141475815995631060858
3591652356728478599752554986082121125037206933004433918826089386754733861562706722234484168642825212
9917264294653531720443870718096864211224647718037792661533164628348070658974409175348234213197202061
0458643906378939118529059037304787378653730185156537488422007472684666767309888441871804058479209153
2564733357314792652774572554763608212661256993999037286131854107332106597995016523420742605510692780
4742267638001462755998380992127551520483980766255421468794512398083434418224543960023660226443361104
6118689559278563140742502218741868965316097315416580601259654582530779711148738798516995881611821990
7886630823234752791955653604363033857021657711586654239773586630370819585190748139093327228553346566
9051419443211054522451629399765033562883134185860496511754858637445852426311771633234275322149302912
1073902247496303181312008959388586969795285968169790853823707209933855800818092070327512227424289637
9397383004218051877936036333574833317978319321122522779192760553647863390611263747045261693246223257
0353478874769842480580734322462842856618519869487100191353146326888629826539500892820420346388871290
6893213134264527091685383068211091334535871950734232128938101757136199315493523148378053966010821432
2893915954072485836287014566423966765314731897562033085860000762710541025425151783948688033325227962
3809192490726110496140769272257736102352709355861673207127018805030780995132243441832777300223026407
2115769264396825501202940267370244477580808589547506241188501907102960556578007701865606488352270778
9802422465985235728890383288789636741767676825084457485305266115189297812181031648658138339092012140
3889648904354482022893303886520584504171760340827962978591220704999391637789445109966224943544744129
7181784808093730371500324744579723101276408179570119388736910359370462210082992825164630593749906742
7260175835986908951962154684096400975587218164253048793256091140728684107855176047308104427529856239
4916015141317059981869465254447365650615508784925573219827639225715457793017796191885682759238717984
2503483824906544292612204573773483527980249084998199256621490759816278313298204924883846033074663629
1372496522380551513995698481865380550743878060963580670196073282323657724297003517824725722087797920
6770005960706892791008430217934283536908224871780782560498823936634773074175842616953597566055599085
6381789111359049237852535259765936976518144845581685350493313311791877640080858954237880075580628825
0375456963100976337306272938658714111699707360834333440585384703849554383463550623833360505457264873
7422088570555801109119466081077745137147324269229368628550874142556076155957107396870517379390054227
7531078134405082258771333470041383248967545236377673757102586331512992937229752099241836011066580782
0019811322948550975007130078658142808011406778423513137905211547060002666905582300936355186966625427
4094966797883506616222305835182573580954553450199938142409220701325384002644805547028215531384368477
6347516573388428131424924987950158059660621264638741904758163819961370378772562902211019197931464224
9328295540504347642981290716851095795071578143384729261389385323741294221958479202582659326528163165
8232269605069551382172734989529859466500050136182800915079300755429106575757953059259522310374503605
9623350124350762043126043891070451240570804815054502071423656697130399408348158094482187373410327389
9008874007420426222176957659791022457115046024966497528245574794483343510932544776399569428739982914
0304384568699854556039734389853550028214274604747541445199550477715311185244709504609513301457256709
5917998906905709356471179963855512504288380123181464362686827061411244892066689425550947692677096415
5367732297063659836740389565845179047471286296161652744125809258338082617891499874146934644672445522
4892970469545483115467389690668695439070031898655682616700593878969219989587900926447637518866913154
3042376867252369732376776114178736738518306165995306145219338404014168784558563815190123198855334843
4746843744635199837873192465366405954668178498568554977045235988707543335164885633173322420716669037
2567035587587115213914342344537629908062581742260346559646755423154992320575750215227149442092129199
9354891464333853346158013929169259741202209391702108576802676282506334570770031670622570062727850660
9695103380768090213158651235310366561762984028566529944640276137979624546043196251280627884576044386
8796493792560028332244436322723256299967959533084465172781290495261814572395805967393134145338697700
3811354847812462606124906614636091316258616808192239592697580965262691811320339197580550657700155305
1568126975050875069577511439911522744807323675716455698342851574779480840420799473482634864495504259
9747134219725643547515991409812465740379390216936308655868150565578776191048821327345247319242980381
6173436837519274132305267085687367171727811772149927041121096803101791082674315889658153466299902828
2068535676084424135102101068973364409893552303021915674944174980756190876289394713149031435352246835
2116724031621897478444197069613665189927816642349921048468288294464355547201103847211641591817564905
4790440206660927543330083007614740265985355155022476752590789363817465044746134021412552413626701799
6075642148589769873551106966601464721539792279132042837363993243582195546884205396240672226883999277
9346838237545932665419530500486001820657850088693819214336292324971232799223925860254559111140450342
9779634168596621720297556581040773043752369798289738816792024715074702033296447444001470344872640860
0150327792204041986652610533638269823276175366569095215812185214712183995854203049435951044167975948
1109871358796479336234138644819051013917146512774778999163644340972393425927469549635305837700359175
3675679948029270212461258962148314791108880650313414360226383778556744365593210473312859147480116977
7199754632079586454837820483130694678624429910045447069910019304571391101175008598201933881096166783
7815166638673778733292370240314384213864753204614721729067903002608391738716741475280838215759381813
9095745856987220116921379898020627696928585053592204773370184661624231823559153580774627631190522649
9102264489732877322903314927078909660396975271194520464963117370234739290463140781871866712487368689
1838245349698666412785940910865427467535500596597622806149738564242720397400094142233055064156127799
9156062607389048971021172808070875504354755259368027097999527226947997063399402828767297757074369474
2673528260654698752431856310815758835624055821020905428229150322500971967213478202706413033773732014
8003909185760747691051128120547369425048630148518447104896503827393331365902131254971255776428017830
3476969145317265308709821237309280005815334549134729422723679868110258491285833734687854056766533872
2976557375632024691815367639002089828927285052775856444268124569284837575374410774213165550327937431
9649723751895958259036970566846446361358814699320361132534433684478445446101719808578799959965085005
7956868576043456289098536235491922201560888821198352164789928301488568293036787777745067932492899643
9875753526153927172746829065948531855956282505774694350847185916692979246941328795191827567328441584
0653618856693187047807606946518473053248396101300270367395219358145634242339943949492195321674127700
9432303922134140974544249668929444906491159303309760741956485469623701265449096398803471520673019132
7266352901914056008320882554650444847733523072206099864345321447268424926045303314693778012709715311
5296729332816184488482460569168139065533766411451020116352840710824518475303905350119963798743724752
5001632046881875368382126617889115730524549435414525189305697961356816923266769452781421715483503395
6207424368467295770656317796099671555260930491059637366615835301312344000065466080331953957854455593
0821074258664494819148420828266186011111238919162118447657133229897765058192245463490024856623595695
9670751403022898700443695224920458998731572903535309815872315474221538443069964221944390116782267017
4879194402672042215932771127834468538935230294341747064672095984016377426777678059234456209229508884
3751920199465751214030833565168033583501602776334810514583446367635714447856291484045209302466061452
9749376130824986832797980540463098533894378791926827845424274627842368421039977356963815946932864332
7147718243967099968901182031034230151355962788052604022792158824678278521027294102464311245660509423
0180016828590389162317247404019160613276266537487079245207694605592687862655979841765365374303377203
8188218082194614998648462857965852548079474951339025899618505787286370148751645225400195595936518951
0637941876183612510545541682998021973969687842697655781575577012121086069752193798222742894188626923
8948262495932474500930385215365119524430381508513881724967175117429206084931837659549711987947955452
8367582253144232061079342847624177949199048065804773649015166907390526657312845203998179071290831011
9157625230067654334544032803229117544672139056834110992622622027470748198145255585378993195314169807
9542786753669235067835093665900818459298196969805625620590414770963349690858380435237129363506225977
6423198859084238386096571444728148236777138129707259403045488901087207380942176369402741275398980968
9102717607721934868750491626941743565297273094976073900710833279288804808099711810195861608836910168
6489461237628144361196806529117488395367865002282947397839943362272426983416387798266115524093071264
6072444749582349405407577643634923038177213097021700061738551600145763117949576358363442104732827400
7912026169333085636965218875037189933722252785742178345137848808746043048397734923682800496741533399
1389897802533312002000138449216686253138536813845204379358709484885821179460263247836929519164061829
3249702575832651195462670228519269037854822088598851396147398339367349402274272638204964779671070757
2202811999354648858645985920228239533298976693537141467406613321713742059607622536605741242402730748
6456939684806246848922237312414623261064175099366970685641949754305469962914098853827476420268400068
7859300993197017063156024878136963240524330742564050574815158894380305783468157696717126291543019294
0692364696433229570734004053530561940618719789272079822585983891418931537762216123403812180791434868
8269263787070648044629750369028048689660559422754156755585962248509491430279240227277263272752307974
8404381422405989643439502671792394974744167207805525274963806099007105249726898895208852804493677799
6635234375905994191303353105183514974445535001490680432161918760425905477593252315013280232651084767
3489225115020011261647362582339719075141862466039668926417638557752774991379641137586275172541933093
6220027931020623496806630745080502995137078913275473271386874409026522756783646123406341467090638881
4442398335223523169411035802235680313147286034356978229840750684684610066853549254712096624304612199
1403621757792810584714488215937305356096978764243269599883187733152562323138971117353228016861021283
2477547436923725810799700050849616640260239795852780455107631022214569682418141609826239806032977632
3260862203865863158169605299529236030130171542573325810824465521041407557289689559690409796329486306
6523659683722901922834155917663217425517283710652638839267438304978184449822361752238123500450198084
0197262594796002250652507542526552176800281568134778113492124513809867155741555882313928235382572375
9800463351568478144810008624379650621008584745431128731625328961060439758804832082184220653743371515
1840079010515889122297312574917357820648560721545704102243142865609828168395055401819255857381157943
6063757225065140534804205228908702272934025273262851610134099614789788796494200113409801301411442242
2847771881798698772163195706859458819799957097305741609285141903151126291527031132231535351202495777
9440062673133088694102674210435714689155283364844316804597043459571220419386324968026674899864423299
8725878758620947749572155914279046688905248954644990929764110689146383405753580059568989209939286026
6392997623726689930213294842991977092545223658364574962310135264244366485993903999084903691740698858
7983484961279836595552670474457432895477018488871626116982827412095559020573126517492069747544491859
1022262557162406721883106277080153594889349729152760003568346416602682558655318076920800147402254336
9659008605021147636479994675209073658213144117862231014571845394416289286265440761913477036715061556
4790760243482099426853380562274840925110306331617413381956994363675622085521480644002309800027734345
0744831294232532102663305245470612773957430877622914161119038633986992800064822415577665123364964732
6538963712060589255160579386160876262914960879186981118755782355030967735751544221203369818496340318
8212761659626763574591341250366877102204520224360247844224515879897573407211859741157617054394466747
0098791056005235686784005196855807366326135137022046015959237715719852317146041132873874705428049062
8730335163569221161970633587519228881639356573259781995863912660642833683701987961659539373409454683
7658184824917286211174660950637901186729554607286323078587102626973833334406289731049407026554480902
7921060940569152404270830617244220675266226531996364103639026524217454915581047709164195566863890606
6575889676997270058146495415742207520107455494747164371815133731328572346578836488291130797657140850
1987693996042534648780792817297810233661065213275369141644985783774689731491162743522307676307556441
8654112616253066058386982681242762558117741656627607099756620106926876618840799961292131715833684717
1698914446519213941609947221953393417717108245012438301726317876617249050622945178531415259232106318
8083496840686970870646215005892498334729965305122413082205924006536875761849315769176593458161279716
9043238280033357852592491069087462161241185951563364749700090920901905984354840099416597176314994599
2288273122776911895505899519116101831969462650024422204922172115788669290520977886637015261673046873
6048608113401651173436176614177238146221069580595968811055431803254457587719536145926103750825250696
0184481349378200593968846493642490304650599832129627233593443874902064453431642491816764289826391855
2038960080003345982540777150584533790504777102365209665342144960748636644513752411727080497822685669
1210072594980970784922898849070199111316236907477789796634052305278625744463510932604677949065248916
2593359505026772075509792287488077127628323583239700012366510899024959088820051687513667375182644372
3170312652468210833654640396568579461891723108049776819983777915005150111364830979759557405241797319
6739655739026052755317945234657480764925100414157772005224435507750046236069034282930621141726191318
3880774199446156971439229496469211386109009435662307218842448536954733285572727109638252416966055951
7019968242519796266972590903539126914961745214002019109603647647354531723921671688989551905396260590
4828608035673475316669372244435565180594156345627143781267857696433604095133645812999334895040040464
5874116221571068829013342518351917155278108515217678526616188818031987345457488099328117783305403278
2756231775525649249687950145930104000863049849472426202701344988218454704077120929236652312006398902
6598337766345337884146601970644244846134977683301439885260260855045579956653483150262636393704468946
4531605443124840392819623864985792455158502467209218571915103198189826771785636891476541672720456683
8802878009918994506196426900523877137124364168727049664749600229796652602444190558193264568687533916
8454626834669579827978622715881498097241672905916959071975783743310391584524083116978869443677449667
0771828647572356111263736295533369219597553712352407154980664027032388069671200529331953528613401737
1831834513385864344082157254635625942240776154642408239230028424454587585389852410395141524632852817
6778876331234674262941552692090635191774753354283064856423613975865301158003642163947500273620415923
9334530971582661607243508742574237103363445303134129960328784349489911711878512851472538053729506541
6032480750958668872079956669204604235582319173751160553227431047999668974887764609448665759068045722
8794013812165675581436513060762895485783437835485321169713673903413826852094670219730589661154680312
9419381940394933224509488243840483661623042268894772267596455848880237994431407215594340109437106011
3300228199408249532908379010915240078414743413830552770336160392089777925230415473881601493448720230
2871474877086534960520426032341680903585204629100432672793804814759434224810839334677584465729242037
3080920515885368892209016772053982517559968071061251859555783058609308951175840150884522036160784760
8184856293817196362733989459751021633775879856464089868361673924194652724093410595053857526772865446
9594422582590232579070476373119250001779131921704014937272959062312283617901446036407885088890417567
1430254057898094607620875114801725578971171129085202605771489558999074029637381137261787333000689690
9135367358115322085551539984918510938123436558282344034640623029069995593276618487293823874305317533
4064651930625940241551881064250111923370519049511715940602272927673866091723194345949664669127674157
9752929859872311191795621466658740664560815705292388642541483293872381853230214252364215967307421786
7167131647820358624822903276952047704887805533812084116466391249740473686719274410252888602452059715
1597902579969163040911572437460186158502429777098630929690950304509836725688270498172289922231145659
7398348568196944562048321695158969495944658077511234575171209686736259613921900900041994674621260825
8143793103305284105767018006536626321390425179573551138245965351318708115707862461858883868133570216
0795089788086810526087218456611029141749695467669763621780307714882424411904730958114842203907285656
1985376437965599971469718907464289833632517256930192564008707255028698094331144962168638996013888569
6380410644946326088845939640833822462511894907884731175617968279334191030942918558423867631008982141
6388360384661354655314277569437946202434308514022880492443307435301420322303802286367877000802441011
1485332143467467121668485410997845090838853950433027398895912029602169763580164911231829611570317569
0403770779526334142778634799777732166894342161773741555409276744746500882527456831670210083398429874
1364228959290853937967034020443684813396488775854517954235740453241699925351887567883707009010620475
3427400575202345005377931940375617343419618208042810710652689412095413699813644259955958874840379336
0309121424837888075144567129992261795284159396108501091305486390266380920352853908084633981050925616
3582457951896836200051033796413150991658003540609878493832425474491326857025647368499737594121254486
1515059131149340534263558082041988826743202614663632225919766858642811152308019455958931002870342088
4693984582759111651880870513647020594674689291126705632449102730880738489974766184819669858282785033
5511455861013911759454199311366575169097011387679524789621380880114704031524818605504568139647624597
9631637680906107848173359153564273832004659551244480544166072890770642104254366129496085954109294759
9287699695695073441624004199138126592434792604557899247482711322299693875021646074089457834139989187
7639481886929034861479664244011498750889110482303430492137372851619522461079260350046613096527003204
3065610589550229669475572667894546747273618822311503934647587819299708284641162066466416865656755628
6283190768894094045675532819786485036692379412961724881401635918620282309842834642166434955108708785
7784241605325541815580843533356712872312837702899282712120865023008267428757618137810832527146445579
9064120763680603696938769992083918072238782983744679055870531370802409943482951367844416138769330279
7193349969468982762909860934221342810166070698804413965351636036873145208687326866198933864959570143
7859269952629737956968254818292396940103736118366094699109753980565076473181650941345669937812496204
0375016176059702906584295142879824280312562824935851769259156576929849470057515974971891128154274084
1186576762097096487168476475846475038952013396580560555732448849201647255139885267035604916343096518
8624053786680893210641002603243866977489819650919953120538108130786904901383595229115291150022807268
6556894038799357002404921303514363998083059733635641700251747389388324337857736961479426364178425339
8601679173932630915039802179809294309243168868287592031605004786876976859272066173948601901991533780
7529606918648151806294840028082977947715646965490466200812936670416646792982476713270866231247196721
6263203858895234028187622503519538185110262237218977312072090381456674643849829416379164083908335279
5360724994939841718392468537642417280320279421200619768009175898439466928141955695533527017695709939
4065721217833830450405069468903085130012075185364097000994627625379862469002722347524451749890620611
5107763922877265344048526515770622545428880511067847347987898391124545580187760552363780424524568746
0196666366744991193633385795996480803532598188980731755912455609478862793896861313959659675789629768
0276211014789659592829413538717360529884315649243676752611726264811151758528308134436392661357334275
3681037529431208732159650991014223255793615392380054444381539375781897701114426455081105786947232654
2461100528159114937627763117629914305604532266306058737475897055169142135095897451982649685600915112
8558129429010119860600829062843006020916334756347155717257132755600434325302677322423949060255948658
6298017366150931262149300932601077428821790953944042072720397627784148498303959713141654523488551130
6760291675271798200760502660394316836006658741068783547885479973569845657018239086530327104465213330
3797908545273112095193169345772169031156405686302869321767558138458429955497712058694685822416218405
3229156991901788820126580391787563823883698440933567990199056928222952326448979088742423975774708909
6502409240883642154307408609021058500080625507972203859592014239878506116694824568231793126956575790
9432992060711073752570538979240907155876598774766010033751678681717105994048538057783492375386849554
7356338686856676085905941739313954479940304797379825056621788846717097435759527425174945263236772149
6797090276612179884259648808779599762379031235215822307433513498305913859087730064962412841740995924
0930041742674904650427921625439211629073431038449896252773412140232120544853896341742821281477321297
0126026736424131398259355534752095306736936572249429138204508313580633717476468694244468653457723875
6072448423823107444818546731776047466295056182459401582120593239593051784502063691599512755787533120
3466105865794977195392059371838910859889999467634902831849076702350985118241469753597671413437513258
0793402790085864033225899269735029969707331939485938118475781032395981556720095754624758075912115318
2256722043019923820237376002159220670747512314298144107847063851021578637889360501131080373031794599
0653363865080472189319304687910492960623778392919958299822729426910688214517751060879291163501094394
8310142979270726836834530274960188203021561262308771501535703977357175280669170688542070453606361420
4626769645427422540117052747045447199083347342341729107980561777656566540318377162110286964538097158
2919825968243471303370747966095766709323076790174591128092001031932307235997741738886290679813386640
8923697306282190986833556420212218558209764658372072717726351684586425228366378515454411877882075030
5155265849376807148936538998147399213975118508818231990486235105347949728564133617052642854753223511
8320316394079596248325046034538787526845972470459580132121469423298399406782811352922431643058335780
3477278177735074026894191076861315553994202971842253725551031060376697927550749928872951490089421747
2297958176759189945852560759960485850533647404578549031089081887841535798192253419682303946317731481
3458712586026577422526680844903736243993329308234934815982469591189167556044536434342761872785108302
1317217457475657007293226511435112422486987237859883068465104721098004730828667396030048866904301027
5324693033330250989641642051580596026891768934586866572825289827201166336443356633818022555738543150
7761640050292008262538888805727128136909946099165926525666557454128456495037392653554426667867708875
2666005027401693261538655172472569918336416146866680076676083774489845722336668940098911555514383301
4294576268909764389605577957105104871881219706336354146268612896105327824602616453817990508625317352
8913084528707624806900196942960801159754600330650576192991800490648029949643396165110693636448731855
1437182294847451060379737444790565268328544924085180708770015209826278698354449985024860700040500746
0030045029927862234942939284490299416362412344715503483302118625321011998880917768298036877445642130
3683762769371908445548633546366630698228777097010362124338314013069256628461391002539460034934261618
4494460118608889372628263054869524935489671495579881026569983338349948567986225903162504631516382383
0211921448568861939521578153836090940010923317809262538651699724445593604656985233714228896724359624
1225338772888196246713256287927229679736502469893067659702911863028879202711183917692166976855238628
8162930100287988909983136993968591915715673039232509141997562770157760762272403614679597966868385181
5784926852410032150413077902164457319396678902534531427568609333625404925946388595822549584600671588
4755176839310873439495395053608224250871358821003805338777607882808014274129160046571802542810735168
2445386226103177368860736064946320427432374262373044032547768139451669314939880261629641143609503927
6697816779353657237693205962920385979717926429744624183809571068880225214828949657194669284100340539
0012406275142367152469326020278195774886516100539555428152281818934229260955571470270497251088044270
9393333071840373129994114627833606681307254054421335284744509490076101590264902313654373651505349112
7475561066459819599102700436495303521727469423945682941053428399360226934756921610034962539210894106
8781100401065161905427922099399583153149693679742734144929876836476337663977575164948655066888323862
0596504962687584316899274470516939977392047185744228430129807377310677966498959025916512729740812889
1507831945225522880587624836905380106604924664547715188231927689437329900541654736825728519077237915
3942869355192485966021194069429032312752436499600704218157474415756725439016243624943028284576173402
7782278483019546461950089172382123369622336945370579895936102614161478794872069748517733390478978237
1841919516534779284678584656603402190374575978746029621152488888118079033169228138662454659930245004
1776866521371396840383727656586436395012401439926513254013847957525049823771811307291541585949559102
6880746469719348839457267110685803711703027274330639943505776636642278354053981103949912432379247666
8297065083704826569151900757534615518774310500712317151073947906810931908926048072629539842510919373
9813547520972234420759542671555985983416741683605771412213515069643396465456660608586740624362760720
3320963811140374377381492298100840273638104915975203570900778965276420233365915944091493064284956474
0047881295811371088594928409846962459318769512780914085653816284722788385040689750287869183522226232
1529176163096555464727631342206452081649740808317794232449380495007349466469577516941881060968894122
0010915301416311018833097704019171104393773309498407181124287488141966186293934627448759447033676246
0358043648428113034929129031049092437620633299560578272903100604545495759628610291929532653019243045
1735035805371977416869327961856033347867826393235058140972013036375014756628909584225491098595533535
3907118274198126967467401024493942024299438790079128881872936514634588187497414563472925609186990885
1478239617784792659735390032979646810932118268639218549226111537276389104249245995857666527366538907
5983529002998908432694445800708751034151026446748753587473587856509553312390293152525400007740425452
2060149432513193661143529294714445628547427596140105161443677872840983463228111890538153734478672507
9964354174246668302048689590639946801053759548392518216331335181367280384794402616713974588709222909
4841951803458218297348252983907439767728039184660554841036673667485833212392936784899807701972950381
0550774987322897184288825821012086055622195250001993103676956493104837105778701819857500297736815056
1472184576600922736740499317691473171037389377945366574381322064415810358503988036739785985171822031
4418512271165853240806885928820325153747765096437906348828020337234934315566270169787658326996750671
7952678201134072655954779387063770681596796457374763053840097713092395494534499691783440111295031033
6368292767009672956989646751543423622743651060260418911572918030663102304801944976522259261756262870
7761249140742557012381545298426627799729431403364106888087531125235902621944644188196538633863302349
0735250611058020527632718134863040532896368996422553051507804646951377301531597100714054539982996041
1174297139401611595845420160390847040398153833252453730610406830286104418736598982475299831645306298
7550351634596226607094318840992469178042850686712774487567585276163689145099154365581561637475565893
2585717428706266983213095664539079436184330458057258444732521755931051406204546031051828992769821887
2903651867095155283840735167851066490503027814024900398652130160920917936333518185518141230726808424
2189841036860708572969299180364865193747213624047287229725016114731977499280075197451205917552584042
6958521244723692168891723082822937214700998041273462493837399431330957772495341480407557619857908503
5128711774832810006268320867564402165699772242518203678936771677008975620029194744508158335989804441
7712233846984688233140795060259684171838443930788033044590916853136815084835748973503999412908789412
3607479568947966831673128860010471675229631589749504716634875092237686147783480372365151208704004599
0793351054885005463006401672322670780918369639292172651921203010447401888290471150625755837766510211
4782848011684286036777144833821684089024691683202198653737789237917600785149128196810677457346269920
0868852504964334092804217640674392874498670076995199778792797576246088083411307234168179435409239611
6913677351440936365202855881434078053736855580855336845727509148259783165816038349143967664895513015
8919012380578948068670669743994345883573022873384850754728320885668484795961214246983502672420541283
9561663389015904386148587233536887641421362317092823112907364989605490558168061134296568822947268437
0385462722719686995687431318714859475719558862060146522313012746999173037282748897138819612998671351
3542541584129324481118846300837177168455147611409514328653219346141470121998764645982098174168628708
6653957318880930518689199367568324703480839609632291998638810276607747519998137564810599701419975856
0699085691300839465389558344545073116604560451049447044977069511694838361678592990625036995126292437
8100557802928881136794638280531745383298565651822999636142264877388779666363628921993805842715971266
2298095865862702874700439286382220120358019919246969715049287433890308111419496314245534885136820380
4827724034930183199285552953461652011252044199363996488400644850415787066279612892449901234689703183
9892622864370440943866577757987327786986457165886298812561043063780959714836283888383207880857238962
5154971743706625769656279267677260779959245242420319645134874970531849714471253087243257772062988836