07550877828336506110814594504665101647840191462282
49017294169335438343641150033980669417201089978642
41514338994137711030375235012905863797681487634314
17879782982068691268053195968579284271578569202871
62818134870401924173301997272236977049695778903195
49716936633793752979224848041949717579644697110758
18259312849418812268793611010449488947990162491221
91449933805008664651815481926218401929163545055146
98975623861879297990513936094020517375224074308099
38170422361506473861214246729587269086380008522840
62499915246429132279580983757654251852503072303756
75935602627088970825798459781343792612506832072337
27837850396959488422681348220959205454364699804792
59592470192935074335314757050980700768616619823953
88642405148988494506368444955413014139150848728163
81739764394647686839854618322623032205259710970103
89868400717401741670621438634544112402511602919615
70034153953553199978141599260377522266956113721871
98571327989917872115804318513753589758351846436707
97065422199029269180454694794069638149681273041285
29848815845564074031825835386545538868834458640049
05678050334103894141528652479474701565302566516090
88095000504006759043045742049643694254016406301753
64950688369553794343071950068028415437168044115261
66461558261841171136997163746287052363955137297163
17271689321586725273836340880790817620498072300688
38074721134229644052244302629837233507140549262558
74707292967672903022467697440994709852931802773901
39922050500105867439643014083528139526687251462532
74966297870419412337432024838502368527018253145364
79273008940210031511070067145888561195474504486052
35482984894001880060706430401569399458974528671945
57476209169172909977369866504873748680200488297814
56514913673077998799557105535929326857237513198693
08162902721491157603407052242535424952142970257468
24863274892179986677894711741428436858744263396266
70443053978131370226083288408321878438638138496364
32255844520415149607510132500199421322551787142037
79838860724245449037489194171154400208531661693576
35047326394796682609776598546646215674048226243200
05613735885718302733584714159758175726760669823411
48109873405222906516925386193525799219748345908118
26857589280873473243849513721433969131685156682368
44934814371395497050014004926609373354909866492244
32494112250017441792559628961586457782276008702521
89312207863109269106676429917143742592655090409315
78387603123582735721134975968479501933194201558191
43163557763002198672188656011313799644290090818647
15298348858483588218798556922889644709624679676449
19927053554272576481001787694528052890647044254749
07477363146753144144799164662329327270497682937172
68773084355936305515887021379605508781805373534646
05074165557997429042398871955867749788823717004948
97770022550977056671910003999160510639573991392294
48718854014857858555175977089236218290936231455949
76610586598629842142818599172022741499148327551973
35942519741248670332597334375424429875051119843338
28280045216129384557956848338055328149318492880589
67133721864402164590728333948178475421846052198595
32249097588202085757905828617734447075983293689687
01456208519018809615412350337350643118476013375159
08078936272987417413897389553915323270332627355125
27149494512161448631794177001319041483480140262836
33981418829111473677242040413929104032561451448052
02750579070170148121402135376141623455422696829239
72584951281548688079026056596129648507293378905211
21523472085948838467638270004992411957834977268674
29041213355925369331365024483691109724840486397829
57714664952604077584843189792713312775586774577757
24893011267537592144512613735090594769805905734913
73556091741534806853517089642557629179833990807751
04179942052720307659206221267644185563996499029661
06104193486690443891661287653123551660309882949997
78518830422446231020909508741025805249433505250139
52765823615574800089337751431944667314915913366515
44346545684279723905222243449693568234068461603297
85108205014731428921126568828132091022686455365906
93745371841121720762019304315889186889860530456641
16405414140402739720110449230707700052060422775868
13592424361408049956049499403232629481050435895745
44486308157541441525112098772414681267859795281422
44556887663544831632716495029176325307491964223252
49858134217471622248233825565107994460074745336794
32399970116462916488313944228453010294428451115601
98854510586424266118241178337050961676988775924888
37971925932262593037548568911246012028148562105453
39977650742430524501142694867487138849590289641018
37343658709862834005901242124859162993134671618655
52075532969569496096871032611409083959542601964370
46601962253782557753962741444405239983801375909536
16858299474610155371340323664758755195150993790899
41916307661650408160090247091284240978660166352150
96999081457861341668831721126983954904062236294372
68959711293714264152833742818387615686302565052743
13509476571839238048795707339001195805662444388523
01595839105561581750438909597929392736023627977849
73229312732928314280099300363826990770586437124646
47664812714749151881333178337461648180433624603440
36669166718338953093928415651120491772819507505023
35703495617638541116251775447355176398156654876836
44505207201270146821486870047343641279871022468717
43886341403468235235561234329789168845592884394283
26667723024488185502725292881032909793638221398124
06335291304835704045685993428452552584691827063031
01373333428873216647155652537009991560446462652403
98803204882531357382927336157135440087716893844472
24886550023583811702071781115183405600076521837129
65508247841184746331139286744233514690166229462532
90834393561464660333194236105343072030219119479268
20751917712108682579088746990929017125431069461306
00455972545164711132526000365737596156051428064539
43222818609835561185667848017168783452891914721402
79332674241369464507210014785085214856004668487683
73583785105382494801231286905741373930900353190008
04089344330425762714829401697224505005990931551114
68079911070950713881354138240527163864006946070387
58962921120299238948653974875440713549619635633132
21537824452341217943951948020174408534131374457354
04386268232636250312009214152153064554698323652256
17068915153080736106338873372092492579169660983652
92393917825335541437182454638366862150576092463666
20499692656628610368461387626828251609260628077575
31016552705182822477713251103662737463625925336163
68978193427689288224277332833603900939488846792642
47718178854057626614574248907121587130299812473955
99913342184255772403770961144080315287186556695124
52733998253299853268999212235247712659997770053488
14221496391036587666798121654691581734186592638064
25976904611069297230702787443181458354470038241088
31950307245603770315426352086621623727842377899225
76933309792025637604089102147592083002600655490216
21098540809857259495608063098178723271000587212540
91854048650330676230885819625609169541828874408867
99510832174333179911166338820553208439566367735372
38601031445886226407529588601800599364438486701902
98583222556727089225028573200876293516915874116148
05925700503668201061151751458028454129193069923505
74210054207099690643375787787120898670120142237139
45791099921220564431182505908172732471437287086595
66421088995157559154863464007636543401570771547714
90246225110200780379420603726506294071970537004684
69535233366441879994634072318294279222201950712956
66319830143944078650515266447083173264080085495964
92843685997048479788831544317096574272202812519032
75238259362076642209908112199896769746895732165332
71216781144826782969667729837867608591565527660767
50310009910292816360745268329623963323845545272418
98507327803303374681944694468232614075846675378274
45380733856830788928550293438563348001042207031084
57065229166679191321525008843821766906982353369938
20289604867680214724765799916289033771136956354042
39855763429700704440218009694501091453802418664147
23653086273800552461973402087190120377523730692419
06754405397804079177518486358207650369696084536071
36156828063059500165309331190719570426662031583313
27745347901911851340319752600745637217642772789197
86746051706838346782425832230892223472999100891482
55719707126202864706355758124764432431789728419877
77541524138332813265619083319760263867740243652185
13916207599545220021731415203207343572840318521877
02003940873542672438938901020563418579243874715229
56305955776115475770136209531029524339782899778045
17544737493457078748947120672941230268492198033212
61355425090858633642091993855708091904409078421161
95336947786991713654245535785387158518919171975825
72743079051928911203171076241903106501169699370871
61924358478381407227154756895208595368806417478965
51813509699800799019324773285503720992517728041847
92984072310587544960942126039906784283633458438128
51358740741774008999556116306542107285448654000302
59162273199666089063555327364743444078978252846803
99758071982079761654497541501671751372939039664802
25684378064890117585975973721618247567595369450601
46110226343652337171818540431067470158203580045714
12805213667837502330087398132115945970974223418670
49254417007579289812026750906656662754287928581367
93580110565576072402099704230257546613013456842748
00305942528686953591971536323950432675341198655594
60959144243387726563335837110300323354600625912629
03035746684255602869815329104226138954219351436157
40202778728416279518995825249139163320903581791948
10483568598420539262827689945750508941634632059857
60908694374855818860548967502007465728585788654280
26097489517770631092626224109184794373823503660645
91409495272490308716287688492776087603238437623109
82511549206986886395451186513886684495365492277005
25271232137492584388541036619637143078429270311995
40666617700369586313061234291593316449661094830408
26276343451583872193324765492846985765110503859531
45009320702122770777347914659172091048756113420677
05777240763050412478298101391215963897710854228221
94015858458074867643812080273947814125096073649941
60230198492864810464653577799291542018048665469001
04632607753352245345478185763813837503051352112379
97778555950913628429101320909064697615474217722622
30684884653814537191913203674139403656831521154821
20947424848526631433139928862381215124064975170077
67956517558124111776842134512836284565650085133465
88749869928158445273702401673800837044729707455524
64055773447006624305583471788933451068485160636067
95243277354424593093698498599843398295871735360937
08228744773568677445878127068960125249711222272086
83319363353897930966449486783534463589753078187019
97450459996379615746697633349453819381114723492395
83120512811966086142430569930570246401868916668654
40522507810984174643910544730682157131144570662037
10829972126811766838486819820871957806841783371222
39371782747414593912084750355074381265627068818181
28923096553334527959345929037611640950942119644912
24717949336808754511169343132617666264955368562115
47256614089964377775499902324052581850895975103990
94470646443609773992898014884880985492072839144860
17370609058044336607511502278813733950451223602195
84602011865909706026452880151690642551121540672365
91670099193599229795236651611388678661967282133490
62892065914952633754660354807244567399848559500707
24941029162270333647870316450380566991486190786020
39223537777309201860298752279352173857029309498176
32174595046969442931631839829263996493634023948716
41181002990524390474036078869603279202814978562501
83058200669916092836981690765763126375139490479466
25867262358174425882304993516053437830847572064880
61428602270353607450223117352201218578460991688083
69540625541716620649833044107146864235030404414098
62613056332842142012847226203526408148623764917552
86209056466230470305352943851190956616389007439576
15266607312490661122705567881734056158632090382250
30851285865421968146022402239066286364855231262138
02184828683634678080151312099422656612539562496049
08517101672916678043761594528639576590194321033229
50036882496828508537798093733329909267899602325977
77661384450235323683204531667855916232932393228338
97960457696179428098802622370485327385720045126156
35120051021654665581327229022903709927441368061863
68552734582334593252716377418334287723666511005018
79328478069493604351572550868665933337200239509510
23830585540767718275338193580540540522218079114464
27124901305163354251939384827525074050267555546798
09312039579203643907910109732504212894237988142522
36796653115239070523095029309639318342391278561282
02666795246127142676370921174557350144646676168002
83765053825376814084653810304474049891839750398922
92206963748991660643916664489524393810972679967864
60830367569080732171618661924302212981350948527213
75047360090197994388163020658400789985211577560095
52689320982873774966374042789594020826364801398899
65476746703482391867066658928509634154799218539338
28033076409355987000166715853240993241878702697118
13039748550113279480048055689625176477625274683720
99508962524042181923611852727653703496013559544330
05728776026621841439939606371540638893433695186371
53097729957194816331341140855278565773255694022391
64928757670041517462023128649957459735647522249521
16274709260853722866478150268058887006830004685507
88828767444176822837741704193288912954603218223427
44450745988447408629140240488504632740014172666637
02273297485714559802462745260374978630258521943932
02935703409148923026693885507514221710751695400042
45320948224352845768364413228321855848124331665226
53388485276634215291987049746095390107358481757903
83844600267001732971809421336789502734649159762616
50480381356208134927004032396436014553544903205871
49953305588239275660597379299365003692254846018817
91795857013455501861088541324509164975704020167885
71250542650651253073358178641253940115630518229510
86801755230100513325960222183148308059872194277197
75364099591176704402241815847243920063703081842947
08135292752650577813328531765110865976213610858125
67893062808835509805539235683672024887665203290460
92913044971344257645978782744207867532584142534413
97895723953286839347498419400533991800108159705104
44156083274673018078314947878491703896849081205342
45348862036561687009614350037740138555156805592395
13520829040882222642839372027389268202378596430829
95506660199336833354536504233172831496729847630146
09119580830757741086486865500765329458077795934910
82551407930227128354886583413764969024089267063823
20259373811640056642750229818288564511381821205441
68853898140508559087367405488734454617549710172135
25541099674383080330554069653721031300524916426916
13952131626738737839767968552557711221899968996076
38923535230587284802174448647300881072949618684618
78462494115797280867638459013612257317336006551295
42688313006294082850693177813609124376080348389377
82341233158491231062223049655510967505320607256074
00755081484650183168875906837837349019832102323336
22876721689206574783839637828916745195946848228932
88562251360889387425759466794822932047752364345199
59963536460754193480511257188188203414589623454519
94837803953676586425691448555268215073325141613671
37044892695210043403740617562024982728528039049918
98636875785397376416086571108332121459767878397209
62743801731991606328621295195007401747979145236116
95072249214203198859881787156372097102278338051709
72053732790716260772412858252462323488877039929965
07585067520908134933519254661236676452413852108511
10755390768196441217859980217289778682489123895745
21278782187109415920428350780783015263594640631368
66228138602527685243327964297685699239022801728766
35479232068239653026121161309556087732351790776324
39397468179420503751142646165394172070446961630733
49425289746679801930856375357628483889966330238346
99173594798059826134860198223064088340452566590717
69697297553597195192436290789246764559656346748002
53001089535770125913438898231906061867997298673173
11125162647484701527129640018449849333196750639800
79952395724576892114920285948346246514516485097033
52248625665784585752026793670430534519947218707696
61257364445982018089128789188805846612868944998558
04428141479967772759275157113193660327501320997762
29161943368112230729828166345396667271025988712276
91318659308505776218567096369827219210816156916042
25233374535984773297351444532568619011925560487318
86511149210931600357969289284115155488256547243335
41151279025742405122424645069296138654769963578938
29485410209632371273401535471182006249678869466137
75432595105922874275951335757737314683462564513930
02373628164737924331102041176047106404940687728630
62049188984685096596002355474406613621491840154741
40473418549445178387474574131909199415581023188323
38384275518964515208825514147102899098999625756937
06209176911526636415383243827506489103709399944966
42222881508006875267108698483731025611887937232103
65112506974923041537358841457710980118553872547129
47571274727370048499109003960832962924074333333352
20374461737319792124942654519428067757814288320864
96754601043703886324248039609220397633121486365914
29408921865819193902174140051429738904614437878170
14549466036635660271048913141559414670260688650524
96280404583784707055580309805520756470651484545628
63269155267534677123526899550211440562598756095244
04674599433592563045248642625815300107702237903443
18417258721025854487548079721598825850134880517368
70052925418581457800353501068537012247159881764131
39857230788155956009157297153519924237773007815609
21456548607294456046719129594080118900556501239270
50263396679659274141115908477026872304323076201398
05219234478644610163091376392074473882650686405816
38807588572295427476148203638481495335910187308409
66540958526430539447511986715407699486261280393867
74049891606090565067631564044518061811542827013203
16337706423532781035280514372381976451706006387970
47551036688068854932583401401748181935720299047294
70562693703502225926946000199226561243200037940127
56258999252905712551480392420721865729891484363891
88018925745185206149363766682638924944818511766789
74593391581225834844390984078911690337523866567198
38872179325020272364300012863539088086134278765818
74504130161316350266278473191229049554167597642001
52283530250180239977005189651191816986569488008842
34502045687606126824152725944147730377241305016296
16627743264993437108215978141312982426731442974303
31752102684588302829577695360295415226824003762622
88978314950970536694287141493176178296032186842653
12523844866089829712424444055878884367526577361050
79393409779901389472574984397707606642921932448631
81944578049237773966820948163113490172976130303603
38129965434551858647356758722669952417045270156075
00275909642148469047258967760545841638182538090896
65267199714103399888843469997501265890558351712422
85913805919774489867362897773999098079648649028438
23072488356921131255846547201296017102657292617769
88479787431733694753845452045627065250682138090725
42372126225352778688758876599420784932706872801705
44279021304348379517407072921596533905940571937848
39413906304479014211813803606722843143991230956731
51390426241535358486913722358055861166897810592945
75762680016892233916916324696363638782238553522530
59504959203133893992864877449047885661737837700354
89785129129696247385585205728372545392338203786231
84441554084770392097293874705059744175286653235679
96800268309944377999021360475658618841342975336387
73658299670937588223561582721574643184854305049432
52323029541315133847799479934605504506864400906403
29209006270469915313500158411869166957332540991555
74749107198912421821143615882730472522144479397278
84019364175873489692963556922633713575451275207437
13087089870119691522303853868782600647093790603827
63078786777341281310658455005619864730658875635325
71122519017560289728032991029078182049872984879252
47245005776083334574303168146040544645353184436586
09465005084801155302156332418051498980173999785711
91328391438548076196608317590567577788676082522317
62074664912250134100728381804100553825809849149334
47910735496972307367488941401349241991024211422225
32177800798737645097682600042863657811653817943862
44075842421022257576053483732807665429844991644204
96502200945816635696876927420835517528456136938347
52432251700083659737700896670629296370506756101075
22495650188580771514755227454528662662114374267556
97391232752958639044944533162576258529405811321691
16749863912401404442460875670130521594025465766293
80302468590123952715787836586166049059691184179767
29901973762470043900615482120411465972979418517720
47124159097350943114126338029112334308231216235387
40664384049532038750855829930580719366985856083662
56326391377107474555766881289231502532479142449284
95265817418286314992106342020487615344233836320453
49767321394327870302247203008654540452469959137870
10016452477294418757997349452176041261257065374963
10650943114575166360480462716982295447305686996702
18352952600123182612581742425088261420341747916601
16607537381799517147874143929934558032012690419935
67644628397960826947128055389027983632394701503772
43392732574453768342116889367261681000863412643867
88422039534692906930725650118655687084094307015672
90653919993884372813429841607176662110869619654100
03846125196594001856530279403804222529218404954331
13233932551978194642614096217547573300694879051073
07294667990271031489457725861796085069583098682769
87409987071370326586048594349050622663969795430472
24628515560057759276171458134648224241549928830685
81043714237719887397255163582504924144375443859397
19375021349003899163992227467705173739236921313995
76226426822015454854611620955142064658853672191988
48874268597985199887045526252967356508127425471740
74629861821964021897134551678019155352658362839849
59888581269835275483201350243403521962478627185190
48451500549498049129371265517925763000621676040111
46720568786689402249141044399723450170547278543393
77930108644907635951600098502600707372714678998385
36218418003461682256935238946978488002790153490595
45477828023399945648757547288102660320617541394775
76949237250112150875704817005273302918501950370359
20398928480119169467066105471156748018239743703598
16360538075729526181902882710713812526166923367873
81089935760402156695553058574799053919495702565306
48170806731751333028269680446772352955182043570974
83121812643943195685107850302443080340917382081578
12268713269743090129303787790104733448975194028193
44424431485908471189972879150808500207936263902147
52164367630215719351594032639093613915307829372608
84782423914109624824145866657218455177173850058748
34990472351471647180290708849219054543992711609659
85714429827386812961064875383312508801118877836390
97171749134343544385491726361434455849993356013651
61358406503131126603936115530579710919841603951323
56742954697687848455740810485122017252817400801908
79794685714977245420767555344105485892491769027074
62276861660960055095082108627783285499995585088276
70862334309411670099268440392384613068373690408337
01494198991257673634935967359813108672715945896753
75207078202905585536659234106671096750547556264839
97023815898423922702242280264403043490913615326876
42245351849033527398218802862232567643752139108002
00934599090382978914330475985451816301263725123432
14949236978293589280676104520142861815053799518385
26756789813774354334000393835135591392178491988764
86702828672120081704067427415144782952883402825626
01799122651250574028203590451931961302020685143137
24573798652515265376097522299814555327540368666466
10410143819489133300597861474530215331957254121603
32496048853393195259004145419900956681649689194104
72816467832962335261460093998777359894023627599572
15789347622800877230047794546488626559460489765354
23668426370027710816870731374650977648380822028771
33452609135992259138287335915935993543749388208843
03576147973805267129458361000395351644808189354032
10787647754443057629347500704403456305925412792356
14812645375666033598655484835949998937599723988600
55308132577531336570126129867824738305016064656212
80347641182778016753954810913366039177131936541664
22809880257141641373530389166268792071663530985291
75028456815684940161484125337607352539370044655805
21289123729557151235951791926445327595746646709119
98802664556437078913929998990390005382603848218850
45874660109334406463957977290001750861177708223807
54596522932024119820482497658897941538349778717485
34450620608905362340417473699809974156488272845847
09407456293066183723513332782971280187452087700973
80472936843955689480032822183197969375137040382086
81882535214252400845367310876572670705670112331075
77647182673548422425391301038915822729838554230980
75882643346304972202108744154689852813646406379268
30028909716349530177844816966736279718817795183403
27612861412389757715946455943653540893354195325643
20922157893182057827558119287223624479856261778620
01990165813597067694124385066995989237956749910218
40318140052038151085179098478331579967605049777739
23199925889018773378005714649510516230009569116875
21226350640752651547048224840052221255899482128462
50805324090486755104594812047958568138652211924743
79818063509216577034200218423096970989891036162197
13208106005372556606350306825803635014518009380782
90022163321370601935359135384997925299243026632665
03267573824551623734950974212252758378806963642530
59370752059836302608813167397559883546126873155840
65788730108343458859032358583349786267086951102950
47594112579489806529496395662664200738762320312129
81810758066755884248189181512184177372182773325251
55270032204457455085208390260463507581449375921357
38047130038415636399654824612998731718703444668379
55346470405291022207196560149905622022737184846207
01723447911682903357515123896626863206641635915967
90694642380006528769236838800381998414581119804675
24487507579801351317473788186620156625607755020743
04903858619800006512328065119198813308624340170511
29474891309646438603875669956790639299464976890386
73509062048141320474197775658584249658867413670957
47766090613854502508329030680055519861401419776311
92926216109437937856009564357521610252556341845781
28375273216423959919342315718131840805189965591404
76461517781536564134587533224779545175780777924315
27051395093886023179551058587465052959560772715770
30054668598009355587160673414716048341826313608474
61375693156753989995780723310800442021914746793966
19443970154042517440191361157502995331324320162750
04535598829161086442372374460269235113540186139192
07902951816204811580892440507243142482947149994466
75607678996453887678755589970965052240993340797984
70801920883612851405583762287785263161318777473191
12890010050331309135581191586016602987872235669866
23399001596190321655515189712138955002560762407420
18027500642698717851751940008164501310585803218093
46597637281336720495446238006940728667777492325284
14540533453717110565655249516834607845765858962526
97325297315319387088288316058355912072109185781754
33671740486901253859366885319498792635560559332360
75318696224897319996020994270587224675190009684965
77757110003565294723957710685307046775648869779036
05444602818244326384561420542079460734087917859264
06987603855750982738783285796334538340711439967398
48730309979998275299042473749001477095290263494601
64694360138774256124662564235646779146340798027749
85470597426720277418978917871857348579752172871278
16437703634713757429445654937055714985718543161088
11387590089858500282408909187375664206144595354358
65522814081371909576262557548062370689402151275482
52459350171787484803025183846904378881567836911622
98565125844577563035971635749527936028776503294546
80510840991778632896870364664923988454378105466177
09171462406060353866370646901468689071277008320814
21186729088127464580379758662761727351759031221679
06656216865054888280446541387499136116055465439861
46035177234250782899247211390420435876361539869623
29835062996000467079594262414465351519421864471673
53628167070212967806569103585873955703787454122337
06936660344034040897199482304026036399390349878007
42230977207739087734124164145764674939047443909925
35839421197280799931262471468865521233258375319644
90257839525541619300841532688659597233853008548972
46447306774725588310529443917484784231955992912099
75161326359216592781095780816536223010481212854420
65413995787998329754221944144421953837123032578199
72747819996537721538589437999482735462827203047334
20473046832581650177550727280319582269699512381346
57754879461946469053725050282751221300847503609166
92314510534908394568580119117483207193779391399800
85241051802974171535395115138566651162131254316492
81364914901223358316929634797920863089310944014551
77210184130930378010422350895782052283967197423773
85360091979885899592661684186868868340944511593380
21990119047754623472964751646599803375409778800051
88212958322472091498169360495951557123820994879679
29301061823577051970945807336898301421526921278579
85048632739789947087640326996264733557014627706735
42759338045724860793449234246093217218015061716426
69611751279552384969374618892925432585713497325333
65351873494207613061627761614170455997244043492426
88984465781542765667048079766934001634965054197807
74275175264676688018686954307214790405484459070029
06563494518393244535250158882513172919978266417550
54758588122253955577688264056142207227695137475903
36653464656412949187946493937167900377209210664927
85572738628564728280250255308919425005643824818521
82612866067996156100887132358338609115873430067402
94824353128999345340835830020398836542309657755163
73183076551963668078993979862001531519802522944358
62441112908939028179954456750079623878096600185552
28560359492718167200741101806625466930270149574599
45638118111169465375895157719794342655563968129800
03774113037938608041720621590737720559122235358897
20273296752758657565990532527828077497548331958642
46428251931090710064020304717030865548401783351359
18984009774686136680697015240465206474814170525245
20424069614932293825034336742510238984260106690153
94464045682668565086076228147689570433260399176589
53970429416769882804229124865752019386717675704008
57115646923157969743566315092697008533883851030279
11300049859148654135579054120462894165870316942696
41689728482781791659132003226112462062753450114751
97337113279786670102620052599589242261406119449049
29879274766631867204298517622625457904472034721712
69342433835666204349221752803176555383944546800341
92407327954094918027713115232343175835382685479142
27764728313300671081334964408185251734513959444750
31828020870649266458380406013147204751281304857219
30571402887744076830156402121109072776450337060813
93045161613300759808883762218349854402154882694486
94384913650330407991942108796971344384702026663834
86324477817309298272919708596886081832247118057727
96492358131720907920803622091109357807029942290379
74339057517784768522172087997340058884307831337171
56719435310684672264580439197870152421045313532445
63564179978162359039945669527996938064439239179096
87070502869144133433083884293866451050426577315584
98691673596538103752376096406419105777322348199018
68403120632810837605373281579413323236995188852102
35108965355507781751362766835083495015183235290892
19544958191646424300841084361355048774993431008359
30205764319146235485337981811531731235849362274994
80013492849975391049110082273458157488323158181037
41793989084306464344999087930251584247916861219914
99984050796506496830574276057486392043642772776900
09316350805302917933334868014963601706853704690133
45132646824489569355845746158868643092704387630907
22270708950793296701785245904135402973514212183272
35014656120409998782272864473781852485060460716251
93905366551037345041586042423317203807470665654762
59083989602432653854224564245243853775746330702885
02991789227376336896782348953520450563742609383679
37114162914259323226593169067575683766798072529673
43445947471013648634617394633833192537475212382057
63560939176015025622498560693338397388794426712167
44074253489254621330519203790206350872791205413004
70059341655394824242018599642550190467068939891143
24701561356797247489004535628706294260608552250194
73191774326719087374068232284274201462676692284102
19851378060107356777966632236066864319851312177117
62193834273642925635491922358757507691567458886409
59360160774992180705172831793661345786743433324325
08345084700476719888273137253374386979671746052597
46707415250032956738822663245702745079009053229258
21999651827833284594758213207908138327789575865772
29192457896064985899442896355724300722769452658923
30189769922896395623924947139219710688539961948042
35539847304347660195852676901719564139425731343708
52450884070820723185633090706443918561561519549235
15150917538027279202757473128959254550413928757707
59595157817953085301212106001067609312186758789078
24960009239294716400477182858328419567024752339849
06438057850978121424365342724034606785970885038164
24297180651453575441226925971978571905251014283997
89905202088186187903556902348828557029941563101040
87211735571729366912087665232912763973529807022350
13978041200390403937403675646662045177720204051214
33482927280843008223560024847907833735746126137249
71985105618055505310138207205817425304503964705674
81087797009731498296562247758246198350994268118279
66138207145894298893708059257267415065428764654049
25488168113828714151552827270224135488159295154439
55422431111697976458340012970919612427365364475047
09293256741591592311851517249125880149723516510363
80110785909776422300219417902180997285701315412410
23815847068930647022293703605370994039014388127108
03210157472672177893301260476555367294780846291204
78577446825991569737707585873226880117813377500716
55718382896461224489799879079772139767193482310667
16738764206709209697091720239744966310374750233156
55084467469393705452524178208367671451964989621243
42900374749607423908107894365208209226831903955500
18302742215850326399942475518662097471414700377965
44049539988920727332716143928648021505630622643153
92231933370784627228856824632044990115787597217922
32074388807796266635779369734800715377942753312751
47828460633882532750722493548413858142067157110916
10571014052076488702511230583828920513540545646852
35643287151387593120561980898461317167919569374420
10895704692385765323475907861873782469419042033700
40561118464957718023400844084978404789066130574924
44562728389374214153931188672737821951599775097012
70252916850174153417191048276675505238267805603491
35171209238852751352329619597525314947601198179227
72542423343440449299940877947194126806949744487123
31620299875102480082304258893307721542531173351501
46191139798181987659835986540088474029919230228679
73204253870470163845688004290916267965382654195871
75765077935747595074529409370370267657790696310040
21305640477690624522055598853276455025487431653299
45684080080608903204101307295174557879640334107087
36032921045797591394587958519425946536876464899614
11200696761663548685401222789762581826515280773156
63733501757604038913673852955026490949282954580832
49972983162465924667461817046212746262340727256554
95491240697418684746631204985418524399730330001435
71176023117034648976373614929483009647221772227644
12581618749499523745529540420571707008261223618471
61558853389506565847669785381983186241162764151881
09676891877948874639937731219408259889891376455407
07288558207061872946814816955060552468791800399809
64564037284314801819942295935637861540232363305799
06521348600602423847565127252013906496362645003356
96368394890856218874392329685770524256661243980312
04473227616870537465995385179804780520386498516727
55268064330711655002245450426763604996422079526475
82013559056826415603542464838521590451456397891175
47056433232210704599205823719734023108424430975368
79573937930029368503712052475518702689720769243119
91487138839811759447374652370911481975266390238446
92383718052600040908501544038013288266545823519028
90643172773677842834090494793499835869115368212408
47502206656893350599859626307604468184532226305933
88887042629119496155593384090960499765130547021448
54171295277049988089564153154107049574704110907598
44919707001219996254705527347394208542268426433282
19552516918307641056487530088497638373149853334341
53653836830959883068637410251843215354414907776862
50396906590549540318208353100252543661067232015214
11576833781230584132984797260560974446067551544650
57544871660961483713112488405253711172458136544657
43233689394415317393784207262106449947356143088287
15914373023998777124670616233551673387513125787726
49740999961196628615034764486991574344888570334591
41294015403535498561971717468779832870874626699456
80373992493629171492398619946167280290655897297998
02346113635132415074587522119119093899090512619045
81755651299095256039811071089765450993879488296110
72864857357665472922225494866535536602545525661781
34891828849840214386687556311110453397899362107312
71355309820693073389940448049125154649866498417098
11039735786328964435186776100273715555801758793389
81090245395216707522708060356882597502166782982937
04863637787299005456293423808722713804247534395498
39508833897861333770551356222911329715852938300152
33961474819273013091020491653250443331904065885792
14695253819138731382628037309437384232740303681132
41545273159466864462429180758177785279863505092033
81314004740004076743321747497144507996434647890058
32119639321540039524366433767513974266521983552545
23258615677630542488914876000017243758494889454767
82994138301366737261411475419742948409288756457277
79512554313270860996881754203413474936621756509316
22564063667657524391240604027516460909764812874944
64768506527017893736605826440552525490597366115106
05047755299334264157770478780498736636133924676426
86347826793945950464908041932218574524011760781430
80175060631075837493187423191213154285598159362456
45629906651629053835854318815607962360432698404177
75105963332778777300488019868508807250083564993132
47409531779035756394752003784965004147708271129028
56826857531157756047701017118555086741493645623922
90581440279580582053465147699523705157027021531515
80058615278640523732250045904536642763249709063988
96496639215834526770016733762643272030139370805860
62052899124038938290988488628669829381271592899355
12468533701356521113868858216725753242268380863595
83005670881895650615332034983314526120012845550825
87710642109249329506679786461168305516358811740463
24199094616781069913257287789125975525583719250015
51682248199826247281916003935164178852297295322201
58663394346013439736973760900660518512467230077335
57390371438721432116901790696513066253941237475495
78742909153991380029623567239217407679545952093836
48014121581635042048965835385119141299854492127867
81089635685009796595943743765540965834248874617672
48202598336158929551040307744195089574916261099235
75037460208804250248962294194345749045610423909030
22734172961498240232483379766172257536294118994474
22406637843263336014451798643880476846719739285159
51777928570460268976404219722714442972474088208316
67882185810166082261685419966789515688681203752806
95090816721453025371007118822559930778990325996742
06788882270168048052524434151328676334855830102119
75309910455318352035137751572124164596249571717224
24031846973581823087034992141563472364835775760592
15525104014811046600372701884810273819018732331093
27211129673754917451598867211851147307176503371396
04484198817351311068336840361445036273171953763287
44192896684735005048487765690148380067152492127108
29165142290638244110523056410161707074163755378545
80773725077403802648052618785028597306381107368417
87683527510518403971276487063143773211464876622222
21747688615119786106612511014982781176501304409725
49863519412457362147222967792270682257019638457571
65481298816499918209975981407352673611495098970688
79283827577996203163557788011124233123094996912288
50739680271860916507788004967018209996871429160586
34532897784213468776384005366623447425835562653790
06390953882767751319928558726788288809289434590682
34534954524423325503721404016822223341713961752140
73809579032800493305176198715708973816753819420600
20044041792597612397168224153740230840721101036311
45721737324416144426908103336137153411062353004966
90642412608704819963473215653722943855139520089860
18764528216375453361538766107123477583288808668676
66829246750242292322671032376276876251489553165706
03544701113558624836326398106836798616093209972704
04297240761722830466224012649497840475979035704466
78615406314324689410469044253743836347434587463203
52398501427654752711628262183261079376195196428015
39332621990879354293534912311610369971842641514721
51845231627463609137527050849254819020029519525508
21197826485827063668438674730174862347497320540980
44021096353870264440654581972549591945919727599033
13595572414421192997234849679746977422693592339045
04575481834170054328383105445359370124719468612257
33552550001339128101438824602522212349726738526257
62166992057422085871959933193274659145558129939603
32238293197913923496910359998115024631782935671487
65578552624687349008187098319826284311565738274288
80193157204920145743483432817347431658492985039300
28581505365696859138039576742955272125857043447531
98910536053317964121107097806065087995059570395010
32534476557383383168188948564779485398736083967064
46588497124161505317832744008201212460416373117055
77966439191529582725693911724452453077389128257431
52649994283121348797775606486578062548876211930969
87688563285274623464369041643037870071639961386677
64070000189898400114432497687198571138064849454156
77551072049792653384667969032606858868943645964587