0083100780650177130857598
0494955115672878766472414
8432553711102913273001719
4791912074980506878738429
8929958971196572896455951
4636442354377985622142876
6020342348391258406070463
2525778656739598230692665
2243499983511643541093177
5337897043035865137905172
9411062958857727840327199
7717031844980204022329130
3694887862589665342611519
4799588172430848714455787
6662217776726916006779926
5097023921839818069301411
7033894192964040308329570
3039458279041950157241704
9032919438650482635953349
0092689056816492460933040
9091680468287640493895937
1239966155492520519575405
8205494884604422607738075
0681366334914503691011793
4924984720599447944864726
3718159636344877345735972
9457848006401629209668162
4454302734282379653741647
0749520258871159979293421
2931592600048405153452277
5251273979443752052566003
3293935475639750774947872
0488559816946612658809519
1898942547093978307924975
5010180868731684841642525
1165512223785494394166876
9348278715790586215860900
7441589801074234332417022
9551991291476271874572054
2920517346502524622158394
2950966234266172546583000
5559557064214999973060639
4911522537065584742341012
2087645009085946074067252
8716656011423327430831918
4467909170307658814605298
9550115949585903543585939
4620080936530661167757963
1516824803155459622232020
2772462327760678313093631
0671363015815590283740941
0479339867306827450896957
8012211899515066476810029
8814148628640876924489089
4805340096422394021889874
4740474937157908892939694
3791354617555137143446800
0459425503482717186542617
6246775624410279671958379
8636354472836619607132745
4590738162305987920856776
2512071726362775288228066
2421241386842945024821592
5877810797073789903398194
5761304475440791772374246
5698007745706189511846100
0590209892555471300939193
4968982342972997388347074
9227557411494735183355823
1475414066878249538270572
2759680940101915271715702
8288332419756837244329242
9578379555302593245509990
1445567172714942200223658
0836917914408626248784291
6332925212020096765602596
3050116145203821697926871
8163731933424409286851046
6309974620888468682038568
4689534804672482902073178
8061770939395083571307914
6319892039871732354573748
4169811373962099009044826
1579784626914958102117444
8358847500178395306673626
1113205818966081579703385
8648921911668593987430730
6390476377648388737162481
4134959964046976339530249
5292654883436699607874312
6950146853497818351375822
1644814661374971727340515
1377094491947186741246179
4235665690655007861980947
6156556996890755212414687
2806270788639006340739291
5226298428000162748152582
7396959934464850508436352
4380262922203671236852312
4538920890145970733410089
0268664088330294706037575
2975883772839402315675525
8905321999620176615024481
5213164929191277408383869
1096338362607466237758856
9059960200422602091766837
0328132955955312290427459
9588280553282353220334048
8105622970954620706343168
7980808295901193978348459
7483593052224613608442788
8327803933310161507348968
6431063750856011053874454
8418832011516340474991248
4523233234116219903351742
4502868691711171184331850
9980461024518128953995050
7409050210372323304546987
4559221937182037730378563
2663199111742643401681153
0715312618653742806109835
0277207641872538586882269
1670145623333550627278018
9076480886044484185182674
8838054082914336315547999
1609523771503635112833300
2659638401812892911474903
7563601710138853340632277
1966571437606287200289771
8938876672441706234271755
5176407632888883653765637
2145446919622371011011022
3352014809123851970927333
7477454773517564595332275
7405936266888275706941547
9639690087636686099432726
4668737947394024106205223
0136334644171328045754715
8766717824663825950836091
1691541255289635839964343
9931535871014318749872047
5596475664479467217314376
4730452818157129216300013
8092118532169425800160064
5618725356240999840341430
3650273648156779078001434
4410777747950636290610796
7364679633786945421702095
1335695663963107786844618
8787749669079990768025507
9210766383344032343337635
7557629372051026112164152
1865932282796604097507119
0502162651192733703900589
3068818617602259637078126
4246015516790351022869552
7954673812329151350022688
8466667041825347007576996
1839752862321420479163939
2649495684291663465008403
9592812281784721515860656
6325843323542940324036770
6533636056696394586206413
7060559746796796260811056
6369223162603502779409705
0770910987275268732833493
9407394826314886612267951
0396741534057521366118288
7696927005917653638313039
2173920873833531204544154
9773758484856854259418666
8527352935595995960787423
8219517423926583856525561
4235837956498460377589456
3339007401066722210753820
5984133476227950312804109
1023809759927625287853593
8190418760336373963617129
2576210944120912711808450
2864787564963224394031902
9538176306914620749927346
7343360141406735619847666
3651867442132568188277207
6197905410585111823823454
6021358989666766932585962
9073280015667982919134139
4911771588097052048467697
9957040529139836947259189
9078881703134124061645030
4484719491680398958353255
6832373107366716771655270
8367581381913925284960360
8957281621224039025359711
7467627886067231567336682
6590282647146120771310461
4681371701531357369991144
4550400423226201477180756
3358080087735059704119128
8391709076518751318058923
8575807399628428161385890