64497083147000401672675
484809532246056398203244004530945976456196799242
93504662278782574016146669421392703514194730319096731570836778931819975227259529
3897493690813844260762227500302101576363247246152028157241006723518342712086381530765522985871292048
9125551920214458454938538945496290210045492642019394391128886990851042190228503778166201597773
4124499427883618008668208543463020750193958940
209086758189759373511100259940542494660369387143871
21265921508203615848622915668263812475168442538611388694495
50242310226956518412567966484216490072721836568
9291048467425924990330874873237663443826513074746360380059525067664
070448369288988968736288641363139742131182351612137548
683658774714
002871539470
878496646409749149741715481875973375955053824807174524127903752915376787633073828655586440811636
975210544064200028827254425018
4916361077428979005729050
841599419352812239917253840489363380774737912637807638758089365596829570002511409183906770566344
2047934049165393566997937743
6698366063577947252599496342469945032
14334454419122299883299883175621036
13346574975285871206747473076865693737347380
668232779151243481358805581313765754570559610660424854
57515006472933974068543144826917742987222387194170078527687936417004723894605297160567362
78962943563163971555217255545413258031184335890512106946986803775299396904993781677
8648580992979032718962806061430800274987490391999486095037722118066309695349022065140348276
463887560058105534624276611249764036830385235471413
3076029993199854488150550295159831804987344
95999652806345213051
30997051106127626221105036471153928083834644945145798879172151228058727770113115614038
2502499074959720558701708873375168355894945054407613892291445166336167643764976
067909023470762998177404293455055139421840
552687459771401078943730312482216462
6039399146660878937113757739948579359347360560293
10584280307422968760370167142407569786837881089011757786983782346922043191309184683939195053497669
042619095540301546362851136718170365649448585626072370069907068696507627579215566428241724
131921613638647358643981
22469424596681089617494890919833712798485
9751987247223679993752062976312689408404774292573796809098569024506258712
002711188350345633868560241786630571783763600351251860087420961619478410839996748701878120630
4755448483065081386513809197176944449118255326054523648326
9762853344763782073679831
35313842866550252499588005501610626532270
83000301406228479858198360915379913357229998308409813571603999168834131
252469981464113157503697916138796421184702232535954274088338318998264165821227
3850376961501184092679253780140883072602877071605726882827249420998105080
13655429849675032896574749806775965455368905215913608
6464175186461156093808184940757239628537511184798805233131370007103018813660
3053415526081608652443154909362956328939418665524209779621791787557323833299321280548218207393232
1947773551699001036668967079045765104301966685488076270986133671470962900135
575264538885277005222720421388383
35600938857147801067526984461021632372675119235442218659
771590110950206091612521682743832997263156011253939611747241817672
1020642428716068401390505814852875552
263257655526382387294027624789540245613387447548358175088271311331198
7369932348418003663037901229572794175298440783472845467989941137570296289173
28972823840086856373965480788741284950083489174395058356080458387018957
0797353187386843770
97995325022975729663801665867624342
559482413763063545306554242365509344
9148779891639433199540110
144163298949284048728024119716458922593559716832599
48248710524393128563354541154470483128541056
238718149497217564657160933193584620705881436758079828465
2700395508444867449060113148
21379073637879618934652271204536730461518671081769891966446845275764419652030960267
56044201649
6058152286798615226781257876408
215795915427500184654125494421759121602085592543857537513167701287591553931
0217041130593695701
766037067102506633438913776230720004620476862641535069624237018624796867804703914640
48038986874879863939841
80843267587357554784424213803
0367025667097730124579956597640
796387197417433311560906835550191477933485447823267024
2949807240359259145328
263710178475929456709769735612299339969062153809034228703357623974660803557549309793401
3005103762753786313265508923709038048352678711714609106868042396
358430
647468228371190602136050494523676159579956702268715
8509326055608322917676273143981482155746108192870565047141911867273370677268691
03875956942615279
00
0195196467247962707083113083333509248
573215382182360159425744691009247709
312587079075976212
445783871453157308
4754650635040775202628183277030896934243039892330967538340362083569292246149038
26510387682890114153731041717837754795802975
1498246816187850193925307282535890211132794560032366011562220648
2480276514245780451879992032286898474053840342647873307787422482862215880503281315914411953027681
5369310459937309478265576393568921092745823311632868465019054476864106132368943751089892785930
3510041127237280230124019631124282
9025788840084771028873487913735547857528855223078501336294267125761894087996601095358935379
6172204232772035062762
3832564215981757264331987967315452874
9075924
1256756336342476280197643939401429253606599649386434513854243960764637
38076777117089836896930819684048532417278056413163885822727598625355083277405302681138848
0499
2993023550783812123936716449771774937878015716
793272313365232504373822388059026526768904
518654421789981039733095134667594704138124058709738379856444608629808164009341122187291280494050
01560692095057881307175097395050454207922593096387232713865544337115498314531980222
43522935080603369077326508978937726196169800787576776054437403139558218834828172085
17282580999117179037363884330208814122082735179105127939473
9
3542652325361347369969758320037061632240596208702840730026527455093559966744819673454
85728344560266294599668405758956682344635594154970468926259077274387531937226160
4165417976628971
89143495513940031677643333400847198669884360983185615116845104731588662445329279673378
6552224010527698417218345630559701767516787729
02819079412
271835026980856372347433355214621060
10503030505126766896998493114822099395211955491900861300274876635889270968071011167393458971
423297094057427357772128206614
76436757681741426836703259982951
7127903239460546153176397403721415509419724763702758103245051627561882463049553238425608
159791209626066206265592320
44323762307637595418420650366389847536981270146692857013567829656570865539985000787864656494536
8937120356103817597051217888660619384887828265371273
015921927311764640380859045287925
314492070502982914867515452431284756149241838493823074355715
669910155743603373391922680310094079607551100731725977377558723463
1604766474416216665
9033216237192874127300777350449348546211037846657
9423508214290508970615067469685320357026417629625600497438260980386862217515651524
6851920830387143220273518906941122174014368979054929828
9814823622400736842715173700417017019162176565162921697249236831412863998228250646160232
471583184128431383962888789364817115778900462339087381444458025396033199323524253792416286318380
62477402
8075579542732839185935508595657882842092235568688652140955779
6793119826702836718166374828895310640797113628267533478199766900365247669
80417973207734467342810950
09629268238900592296557308128157706473275636871208218078821844003210018714172011173507
1529649780843831924515067085898021576900896638256151451911468704
606436502290951505755032132225969400187924291932039785534607431
53627757619768195162422969169757018569779416766403532
643009113386
4747177759090715150529699222921753413070585497058212053953022274158033680985879
714212193760711881
4956156822238423890214993442579783038581630957964712363728952101288959343037
256598432628596468694438747
751360380763134071
8120182947400114405560601720
75203356196872762272592412873209901396346925511505111124663592581521535396580455374726296930425
62658
644423021835893045662296173627833156037224521
92552898506510652469564045697255741577
70245580990545595453565994496356755194985001393
466599523
4970038246263509858187215736586043846
23252332855281713692892534670417401682250965714881065086780918131161795849952749790101764043
0722305633347319078898610958
745608433492624337193700609764539197286126899287840143138051408953770181486215850308608486
4755083132125289455392404680885986081875481269057977450206501229604
41009133192622397
003722488437021001536053958208862424438796397165453613449727865994665213239789416598
67929209579980366885620491217313079810673623841998578499320369702858120006752720572920228504938099
38034835962003675459386182773485699
9750221115737781226904861816493
44012276592229581328998769938394872603512833962270761655513022343620
8103288167828392192
44430349791227772901297819847205484827213930
61003157748771824827006089899976001238827935283345314438192401811152953804315751254
627399536352128915867291310810380926514173232771641617181
12445890
25493272511862060770895822024905685950316080545582380382051778315568932100907692652959890443164
96039904529
042150062746915426066302
233769374630061376038212719595787356030571084342476399215180835
99675836707975310523560547717526087365462298020868880063597474263737755871259440115878172536
06157132569465084101128757910419362769956812167178643127485356662817882727486262391152436563
366042233287296900710576898
2286488585634613696591347290282096573662726269737
60738995388892035176683358467222414178306075178411095907708612026
325161625894472309936662690784814655288746919219
02884043849934928
67286849018320559613706124954708393402830607
985
29022842297231144455964288823556442726146756659335518598787414635240092237831677
076378975056859690300779160928781939990737623081230
88323852450169761825345370156380397054689
62759507687722453568462264108598922279875852678871905491280487883320474629375348518
3136939587712305387261433980394210132072816462248326243501313280676757568400874035660001625470
330405976875002835630424218984471254375095637751851032122666675460810058330951999261396987
3528178806801
010003439909940222285465870490599971172493662286395245042069
85365910713483370794464952213390669450100828398748527410653821902113250942691
4916
09806660363321647312852703865813714575
735370596280640068167837259446382853736155749247315084
327069995622563893595156923812429522450781385143777085434323913120979110630
81438420786852879233124984955952159861910457808262658407164807902057
8424234340673540045082558221920365790231843615267314274800914236
2118196410254463531573372329031775495749860103920772953457273246549958610136262277
877413128046774414561256573463866473852583553712828999282785342179172633296748973905338997229
2875447481296444986418569191520186377588699374901688065869419
9975280194205188716972
1250500046099403201364639135890440311023887443498258396094019010187514304439918316
3417109011064674279906602595798662343264210749175360644705739690848605152957741514026865833968313
46612740654205005941411538596583533666905386850594
3062414377640176923823246526046791361444181444375916875044748913
789515824536637806047731286994330871551189057221535453296711
8846461
823
8359195008126548
1644672193739380932641879674970779590149698288032035938672734656562179
09662966269012871267564448173855582607973105430835207841620266995007909741709306
30301111043095757842418437875250035
905506655390179390862218009964147544217181420521262389395118268063
336859285358815350680658571582245849269563412129315197344641471
94210590282926382020077788749676653467145010526762445578734
93840204897920935974711998704869860644021848316
7181796606584726699379312679214062576389266212579845120591155139829264813533618916641642347
29705299349256512784057538758027876711847120803850230300515623058726445699588102983
0644920
065235473747776174326209335707637314215677948
5009215780185233048352603844174488315281478000997516004190370422879664590552842113891348286693441
59077127637145120716685839288563431254082322199021088587711169718
15640036912116918005674789121315308869761884883460560857173897659419281715
1761360195701794328097940924715377592
409137976
40
730706494879585806791953712336506658540748521171895
506
58
50613868362556403939371953934175433237588280697005458994090811928827105
4139158922274558633521139241281868385861343386181290360336275630645396434
8266657767321182372972667085640530455165432504
8536524480391736505290176150169931631357239992637784594035628373973477219325876616748
74863942166242886653445676337644250551062910908623927551767186953925786657064093059463
78984679268632270337258429659899597905605400684
953814295304372954488
75391075928093643965
049204038595636450616791439119076
952691204068169
795483221025079283469
9230947158520188451267737886501074141211535067250
40443135342212590765405988291680988479220452326823315087678495112779822160738334821931360884
5926856451492261421196917629473110934036483324062357028881856569753514219188876940844218735221275
70972391
335219778445677261753158952707849430918804094874719290951175851486913536894676510919154970550712
471094904698096687672292925652472141802328366612654847159375191619420428552048
62097920951501163222413734677
961897636721741990279824650846043693360464030824840091300093126435166266341965
46988332470461038213568505911724709
4617885391094130254953823248523624377547766399121263887582662047577177
694920075066869515992635966832560914573
2603386146181992911586556828618885466849003953828952505406841
475746095238605960728965783083706416496248401757662133004708
704843120576287365426650619386165398874008458884604998078391478685720458
204370606006075189644883862982
141359111462
4208842875
52172372192885597205083884823040613
2288830543029208920579161428074116399033589377563
78764101808105972419188470040837439663452708549895605172094693095204769297242922628601861900905666
008049970220659533569922428619578893447494
881773694202828229617137555702757853943063161922095608995138324902148254701
7209740920425367911577776686520175941262235631188117691
446508495567676644336969376862192119907307791332581654
3746239625293978333200361998071407864493803067041171028877405570887717390386112
513649308469988759995334508916771600650604865200251205392687747816605321877657147
2154459479804109550149278020885885773734589792963516356815118876991282776516727877365332
4986606312151868800915285565985008706223698404106
26512395732015100245831309979859008596621698528224508600436798489658228177915096451
211490912410227253938142531452883
889619136721522688991214
645972311234428988048213846075422417260981879560244458697
903121300658436913314070
292601482673280057309830467141267198884736423746634672783134048328394537591090460009253
6773375152048500377223
155986191092730990810865771389334477666937419741683906113547
795448514621312933412527373756584890533401281592958938405388277805
7360921359100463550321776073653329411235843567788655526830779335120501823089120858418522671677
55591
7071475394565500459190602621634758250721946
290036961346081392039469641546070249555793126129390
69151307177987081178926595607384753650999384979998540008525338294684217806152463672782924210492
1162805453415720284274328469917752128853684358016691814653390238391629953069790672578320349260
127254937449071332951033
4851559408864633736921193496820338
1582666910374230519280361849419326667139599061420055857119093495499350155
49598860911982202533530198466913350360038732830202873681099208570749762137767837364538349
10581854408062630622332078915365953388859226207160311235666710376187479
640454
3468540907515386816194751684180142
708272183699200103657163600781215604704
4891415878866423333161233524849647007657276776599025126333750021970123885947085146390
14
42571726507489200668838787250597069473027535318958773066649479690642484729920691308294
1629608661673
531762018518665823092874421995232558888005612685189875517597178723962495075844578989351778923322
39626994371821569147484466210019499610000564366
08618315846894303261401952343474570662202255749949682053019329174128121511984452186382002608
026800434
3723737470521097
847703501353057272017530967576717782070708216903018893042324469634569363683253584875978
3129596590478420
6226320070771055292392440030987299445071984741935552197909739808485188281187480
21
0427459318678156258024689253151466882631328144392316778560360606170850048741030
039357630724675977490099521
244261014270
0435
0241498681371121073618693401091717368579303212120420189055637514
35025370756985133717674148854655391752031540716000200622270213843379088416207525037
279558810002050542062673838001495186472895975691302924656795
8792795307
17608090216962060386612437605267790577584634286028
843067391308456226198865582433030970270557319226811541052225354048309
020612037732964173812046996128393714158395610450280750
566627844160
99601227
13901057680837456864
2308874652901176000226992771
7767871757930369349818169633485627353937607843040980679937219824596
0521386953909388824719666843161342
4017288247512312356298621749521643415208889520
6710567483816271739922702181418552421250464118704868247361767172653794322800314393193589842159
44103239676629065941709993469044853660602497979613592194809137264701952457219
134905902390277479475646890582481105385022509310837235212775086865197901154901421395
0198397764335124212573859051106004910909066352413628773250603
2
3721348040517867122957289178796226059810851977551129405457495261268825232137647124808
5300136839
1358148735735031088045977418738753167950685077425
335803020983437671342755017007050615081956584230615098185794587758392027942896366795270537
3150614098206038991876840206125837189
2361878615254305987689489968625751576292778976104483128
38547704867898601730757583784700
5922576992575384919951459441828
97799450722539197953400638638220588626277168285966195162892184724098
65681435710946
95771812900911125430866758765338727987303326952032636289550600925392051791
01629446287033817705832440444904
7176141141917215697459230549857544397103017574478420815192070434475970299394
6243213301165901544310559448439152611515090847
263404108059
31549979907732991622070602021633554750473827576371509680586369333625711629598061999
0721764705493455356263460517645681909
3801807151307245720906127568439912696173651519657112230003790446013776424935848614105695
144830776791
9585779555133613118940751349409726248843826214706358201248
4670752573589593647153100155874033832867857507121038451834911816179970201428551088
66034537
337980699826631300049488353069902748646186278028633726931058030961539375833750197949232
7112945066035237338531406621702668596475090402828080020967227967088914779057964506370135183534110
726029254
269320221
667682246789
2386386345132466182538421
88
31582172807583450
41611374293431066858578573990014462362630318972173814506047756982559207658495640390289351
59889
0009351850238041515315663261688129429603704102623024543096161284412889432477612744647343411217039259
31601140805846526925304909668561650057337999339678222044072699228268205133491493172876
358675378166322922610414792815719787375244964773866810934111519219326206971393378050298
878059241344416889537402390937960561568549957498904483542464906846495788744311344431408
949526182133412650296876701726121434072143402095707030194852
9919863747015819719535126984794707001420063248
579564356031485550515591200081
5094963912873638863851235427151
6135764901075052890475909403
8709775216993687418522681985
76308790294655590780972651708884281210574449088838352210902084152
5705103283116476239413703475667873917523135761746460213307939
8958935323893914
002645142062339645969193048219565914815519582381152847018219368316857123035416894922838594
107650534058893653528894295841348
9081975856744992766393162193
7063996967186030012625047371056465720676493145770668028756
6001122029747731540677606847303668585572519262064253939678000359
2226360923341887012256522067245883319448633669546270733334752058799383417355040264635699787258
934229010581037495025751935724521941783175943922083405622251848927414287195112884478780753137232831
9737770
113941500852773993349442452979808748447956731556173422840800955713011430941446471
58862764950733905113293716114555092566
335086762828689389125481507809158130688618891058275020718
288333299332450172325521614127476075342621687589933910092796455506121069126
0366734789657521161527015341
97795532774193256226010274588087250533309254706468377499541301284823070032761195060047942838149
4962444637145827804020503796600962669985606188409
013707155752812108624009
81105751002041929369236430079491054349383177057990706560139484363792632
7334074962901252921969837074645029884762580026768550954002191034
5241401178611098892952
198799889537034
800689583818374750878640757332762078424034
5968888192115403983759308128339682127160
026739923164935890
2735289596109240765074742344749332671454454401399513035411328654453
98281541534033117052780953532308420685000705253
6894886116433626442
333097543380363611976857411486968
18927488457533337922638303050228233991448117819820812557940
348521953026763643144320549871134968472688267892575485471520587115051953142920844425055961945016
1576092662977416009187353965941349888558130390140412240779593283668
48447502611022089065623578882574617732932451
83001276381516697554813651449275387608771194507371654077933759796498728485657746920526012145027336
09472343636222982183480834135933174788259550511357303061170820766
893260301561199709920936784
542367511930379764975649781582461735142
855660683
833357927892873024063246658417
49871084506934951189796480511286072033722531606814518540574964483425407973643721226262406
518365899433938958914460127789379921912882994412
55340512021729633487240136177917136
913061912201080805409656326389739900006
1579836835275051350599135515326859287087742220566004049740667308121058035404981726768133285459291
0803946371107799774418029368775074547136936842497286418
135055855993048713561997956547145330316894396709512216841021452808267931631788348200978399434
4428553936870272964498660191012261004020662762416606108101895748876558393058470532124982573233368
860487641184819470819541743181213893585899078754018459
4154818408442540741438201370476440377715562156036732916762408022647
0399489791
2743909307894914108984839962859842901634217435578332686181187419814473066333544655077099448219
4977833958241230672298002622142589535922363623488666210431489638887652933147745835488
38408309966134424372129013591391865847
049347264191203792212028578472536989434316775439340132086512721742517697857913
5769350792567272816220570644618314291774198915526692558113127627958745898052188025
9377021158117946341715931320600317300451456244279187142532589676108610942
91659103273452690015054754788908540267737524978032714145054710487498816094227428226229050
48139640380449267126247922689001352954806201217530402671627642746991915815437946817081980535
3485877044593289832526582607931035027296
351035594459124778785308599598778324892147586128
7421785879214290348796806811608337186725551271782
814252452819582374192399345868
62937722
1366204333338996035267034154229061725782729081160288485203
1406781174008512412282197218100243243450215790363839146038824859
087307750831669216527818494245259
6104816439785931781327712715560566192175831933275366918587487630832
152013638584252296091937710005791813319415781192
0035321560341287494507961499799690074854489553055866139736716394511384548
6842175703755987342175762042365054847092621049266217173
581328360682196578318968270908464859917174876967664869519474524132455153508545507
8927423961
41784978399850787306608519772309281676454060655353149429434014856414409261114429621
7559499418714396335719038907877154696271097006735523134858927625067981247967175629738386399398
7
684303129735766273291516541000258950
2356747619166452707663573011055056151489997582173146781494290025
630277514779990223103
360983942570899066038661502752403342362909928684972756636
76778260570194598274620717504557710478220842688223411820176452936479942366
407785870365380408501321586871560166769028583254077411039251834336850
526965063724741398738040414837188622156513821597767309578905601295684149302
394785535045608327923495400329416797428503717781359693593535
9795980416390444395994003231264970622939659640164139870120382588642481268144178325256
0398481142995738294939731375339960581928213809279279046929446403381
867122074003407757639605252892564
506079429687670459971926157040812735709378334560555829132
7105853274428945
1024761268063391184149668680981749883930636618411778597825362832825691482293630958080457817491282
24991863236913895759761745919965977336507694698184980876944654515553
72123121808844437469
26446981999307688817790833284924672610
52092156030821470531377911143209292103366623
4835645635747820822306497945340086695615627472570904173418780383731
937241041139821173985653686986060592408
41246452813768627683222483003100989920349581730031961578996391026049880443774427673318696
1332535498848669871467
202649918137503601126159486398411694487719265395043166935730674718177610175184766041169
2807928779553132076138
17242114057249420311250437883736825483044628751617606926
903287607016090
243784715437217431782632057087593699668696160867005501763920013587
4440913593168311605708328357098358039097515621444317055917982537445947744578276
54734902253004038369715485037
417253875869948724484520098029195366891890806917
680763355088544
41268484540459374555676203869477345280373401
005265315888393701824169560339528919478493816570157516032478421227
683839827209121610322562126802554482669165392806894944927357370
5474280
8655884329600688343174200226809543406949898312646083204038143409576125
8337488197620774527790718916523674531980305837476766085536842612012349404230007950296131834513
798932535074770856931273082221071848412705059896240803097863415157977758380
482383476045903769314499802232251279037759379512
0931263167933243509637423611071457387836742675145559425758
803012816292508411920637531477077486453831755697427759179461721494481649
1785487003482457586187367211797358604720475336371223647926349439452292359401835
7932914276029969891055163866112037711637976119316185947
659314487179686237906170690910532061778110310827208838690169
028982251770469587559793571209821496212073192177636371233519797714696750419267998199073927648364389
55081659924058221348814454385076476277
910253694471424892739920058626797095937333328323
292468232540890551476384376460099893173140563264747184075285786
114525513678845710335947298906905782564196993194421664106602342568729
690598362394940962995514263730983230305693685290213037410
781089531647164
359989512291098159994365010503796122283634768241485548185158649473354479182373411571358450380
67
96535724416266348690020171397767048683069776587683272
7213205
33545593862536451061711418241114807282227
630722507670830302
5516180049204465059105702137069529832325178391206984461145627710705
782815927891223011442710686039752049404720764487488689573083232900199296835514050884020886741
483990962642745755866557321188679196815943308470127138093540542506784180
3058671244593226263271821767
75488745630915600860618399926353683154824787185057631969012173299030943914193
635270095947756777946163158928252533329365313455880673803
54954087582563743307136569800000814532639847573693976024997990
8623
93508584653318326099282021003797598860
83936
6217028744394331325620127522250008030576638271914105802879155659637897106508051351964791832
954559773227500953279335421139983968562082803149772799973219121614521349324396431312847
01874649191983
66932658321449354315893112633300160681274489011982860382552345768733962
64000018542877727
3219584809201885835894497218265355862407370344660869102725329406902901770573581877346684
2994528270766068534311255981290633048359989026073260935308294585424259418
92906128271034788969645447770289338207
3644502
68545962422002479
440252726751850860517746
700204902481722497840980
406100395021769639042885704597514920373351241491701378665257328241861827263680701998336390793121707
133003647064485370800912237151348
8591691954765701473158883921191574703419
640168994427269270036907533055408092655976822715282405150
3642403721044902071432586278855254021262762513939431933980510180468261781168028
781431
45202849771574501635570807197474447008668322411
631942643345777459665119877861799884102147596531113975605839
1245749571156934366382520309780381486365198885
29058089041344179852604582748462442409628779158922
5353653773809008046807676597025560416111601824
19021875078373532470257023863423469
440441451260
820535298253822356837291949998330023183053150997750
63307225669890271390669452019917560321558329898095458696247361521193247314659096264
364321223950226943840954890680276803482688734543
7638221130056395340198397069115983747790309614842267675885235877467962
9988487186468442643622795581514075498398655143135783442099539730368145267698530816640
874645806960439319307873499527782082612603993805080882126234799910883913605221398
9916598914477828732707816175208332855519795715859899574475579147604512282409161867616059
616513515623487760811811651564387000627839912653651
2116512305054589426844591172114485861719726614995679989363
5810242408016636364322885232092293066937219669314196646940661053811493
44482171860444
10421922841722286797676
26053634397716232099505747347238162638471980519059008334692242316626
65114259750099905376241712374957397
3234168921893223048302507069383049265406561018241546626399404186027603981778482
5412640239185562429298377782067768423094370821205311731215282389054990699302
12958848163171778423
886831144307609994421042316895
1
20880738177388042613358
6875428017007
553212635302099859935441963871374503165098330070463904253564090378624104574685358
25969087119993062548351861909181484532873131102343463409306609893
594101273362394359638018065
63197460226650212884446125221228587786401208448981765895786999599
409179566112850462434935790464810097360582290246767399204909954067722149553343710049211496
313331355094344501738265814010532546185358575952503183611758345242784488177487026637
22347117728541610894702258390838667905095
2338271308414302866193849091900
1635787328607159016187612130218652100029450535793645889068280064802
62232401734115346542398033445382804151529686312855330898481068697085951394506546106323004512355972
10264295161234422877473396551462137431683043596850130104406932955295434978639
60833161142409006448244516859152494982994342781430713897854
055872370562785914614941889184859073797572907001862901329291410712161
621572649053016128487608910510550994573454661176671904542736604052781282334076859
5334026977854065422291567858055252248
4996537513002217512917568522004614344363121682652132869881697834666098456508949910717388659981595442
43442140336601386069768932154725825738204609597717884310341635664264566708063081190281887811
16274606464484141251270348761530591398448144509884767795114934154492090953619972798233601
59984251782597432531570987082222023550400142775715608296528415064024852438110873154988499209938
77149590263900629516349502178600218572910246751869241781346459296067132278852912763508172
073330346856497177254
6517956128545506
8531195905524270417419149623114307498305345224268250776364069289299213666
058003286329483
992911263377255262381016145857445877780713471264398403950333006462947767971321935517261970
8573898721256164146904804972907989627450782022065579774430818844248560146382482427852161415668079852
544443652907710202992866299115702298822351100013701439862417968564821133123352828
6650531264417594
9715153841557506592681925199247859690495318308266588508
3861499363655661371550793
371351475391139810659435327777348867673764234054201128855
614967355365422485104256085900115480438623973141777321057196499255
768020842575063390758742021620203250110960349585
63808032747825401534267667174
143435628589477708291190448674654718482346498217329909238800167305709
9704795042120690588421639108252112952807397974969763332500235635994
97
6338318623248456859133558288131089430432
01887148120693064838998118285960781243356364289957282534239923919190898444772219229028
0795855375564701543486221641215687861751175726556379444478615182310806429754923899266978515230768851
731103187216094
19123777477520747089817
9240447026
005854631653619909962541701544912978188199002483679825640
95438003885602791121561364358593646632737714029573634890365783272358928612666914287367530112236
888502341069005434855588
388887067333623542522766596418331876787390295757794953307657956202100044033096017146287512959214235
636808314644848319001731160673118580663153778762166530692
253572220393567803664016392350064566209025650572492632027372565955300098166463328549526
29744813647871395798697109990931450
6409309315157579388273724156953643614782496352056947910679352915832645531160927145678851967517392148
646043856128332535307268451782092945478952938850961315727805623375871208448008031783315
465836850416261519433154908385908023666472965146275
24655361039
44
810178308295020
4028936571092492600974994375806083082216787620914
625973155250230981496
77745
389228527313501287036495669417838317143976483344503173187369297525336773516783343677488973022
061931564339808926200710211980195178589949395973365599340459666528
588863462333565158
5986660491
049656554729950711908274
480212633062135406283826894062
3321959040303298
672132972855736565627620304884062501
25953346984902183813216916384252
2431
0109532437665646
2031739877391594358247871421345237681451387126034771698703131653132133028047
0575170168300789576236720990710977955232920831846466828439254054289243458
18902446569901474292182727763706092453168664325133946012315139041124618372613585831797005839833281
21649957838192206259731775264637
74
737393613531160612618776402752790673164362709512338
9115438655703056922905940971911095731555362932123481340314232424320958908303057938
10676427243583501782336562273152071644882406512306777539418881682770870674022349
31036140813916082976645844
268242
5755073156535418560892603373009638943223455797
39209
582201063557173633718478163
317909783356981309978063570
0
52655795426891018435664237358866012798648733764794280708897511529971686552607811345232
933689818316082425993575339830920474
06270182358956981
412362899311878597822795041300064415516
3584045999926368734394717618625161875706152489010862755444407669812306898354512468271856209680656
88918025811663220207684193460085962618035224451256978764116127411637455076988093991562092
61352216443526241256436329754267941372383627066948745317224648840
6143368812707692683407576728830195339296294705943042533722220695879167111092564263591634527
4624796748133519299371950840702628583736795579625828106997696400398408754854
352872986035083444008827868765284509567414382741634635727691
919085093690756842032182751111676932
331901593818650268000067229196097359607645658095418936623249931769740309393015715453063771
00452574135229233045466304283106683468747147143311854415381580399497
03349093416097051872660579208069828732488863555937153509726122575862739
441016531238845254601017378392505543715553590151107278607153749800866272502288231883398
2597788188558527938260598430842510049200337762995536195106612505808658
537098245
530140169247144701152937046702730512087370550045698269381556365
6185946294931571556173345988398474420745616309877
64841050011080673276490834779232652096
014284051723199
3219737879807798957312793583712695541071048675523791264661847236014843971941005514634973432204871
7
3741161558555665110707649430
3891770946007264587571489515057148072227
47912225696659910801693956811
11778551108368746767745053042327794832463513408554348699666391356118083594788439980
17752676323582190399381630679824656529236410032092663764777342
5705982943311754692894903712965796238491820488007920323
22072996852949936900618006061494501002135597106603069100500925328606347878016174793380624982512367
8245396707988729800761103663429970672134571958214
229124011464726583971200461872809916049203115148390048078736963073705531873356105875809756564
38575557579984939958383712241981788715008222713885709054553458640839738805717858772327325502718151
02429702939806262097268548103021260468030819653930786360990
29906620606618132417699457215509163797445246018011145202017894982603729052
4251514121245152216256592827650536019203035071617417848560305829984256273272039
39977299826299432972647928981810392597165512571704483629607042473202578363798167189
27296526729817947147204559574961468866856696739615236542430446713909244209888014120151176
59745309067663589393986148238781202341596
4434326249838866935545674319007797708967708104364430882749257578240332666591350757093858393489
47
8885466647093544417304016345464770507665495
07413007590047649611949092298679613575252054435094027523016286889822366168120712284132
0
8568509769944127531443
1647819036288294997313530254475055736247215341211015346125707108618024041375950414586789428
2239515038873929154
21434129318291975012855934859647733
75729830306487864260488273270890381716796494267
36023086077
25332492272735103324758783
75488042017323685597999084847997541007
6897145814191074904625855295970017213946647784998824348659794573097399480659523
19
162364962354183702194475476150426073075865842325406941998324162062542
42310102282019824989471690882573303722150171857
1968441160335601180894165
96551687769476024456
238767986627070217101634163287009168212973228497120514553631835879127976811891789574005992
626329046953690977
35630050242410734205542396444473212582549105938152143
64776125307624979
4756
461634733323637923938600874047910111941331907661205366390028959825601
421623521
458992135021125069385328201373900148275837750429569073274566050978327445787204302
746602606121607559929152687983306595401618929356920037446221420411933497661
3783458060997343536385850192309948275858810761619579332974677686374007308064343482
1741859091714096000690940954538655721174424306760053887965548042969
8110218877974311168348959982749667155711334361
4353734063453852981028733088295450521127501500957789781671964419789059546606366345596941797133
39777831
51299049774849817182385901829972551869235637827373478
04175497714600092776054868
75733117488474597290487076122352276424833096325255280257
328931666996393161246940806675436916051
906485499172042229969840982374127280766677995122209253203162084327587332791148374696406
5600224867492540243400637875792956364733868762
86278745441750999077208479605043658640218751213227104547126543611797085065727779547771882
0824432920101825386787844438397420435687476265623169339211554080953825446464544005542
3926044124532677493266311151165142547181163294477708277394466
96555479922509389622046925435215653017981045229470318376806431101728280504214921215488053375217723
5344157938588977172095784214221079049090637211596302003096
52655386801087725127785546721888445522678357362110699684763464282329047389408907
62996678581744387332922609133203881756797259250098774885092492834604628933127364
8548454480848151409954301281783491461749
9898434794508525142411844660113128329674624799251045036077
287478065923113572416606771671628666866353992188892615373
40533141415030544886752040251580867038066584263983147744
57639356987745098511634128079778400867475109099093434488811019294093310688225969
73857170450814619
24779170215597225735426389116609486816606042002823
57831483529139335024152782402796941858649917708208469
9436661159856
955484595167592516937612603008683218735227350513266618235870829298021848449366090
9750772589708572628
483371616311295651610040523455872393519109411474099004878882645423141577639162539303649002594
825671100916472511984330
71183208316131726606010319792848963544070604343464707179610
1484176416658631033109601903356068953352308506314173989841843303891339321848
409216843333234613360658193726786643297986529768510995352727539689147318760869860673126034
43870860223544052173674596450186686084370851712378975410747700648296170930
143060079853701643759468422761976168
01508351346067334493488679405209
8644727483651583164064931604721131468217143818303
228639393128315632245567002984836
0998048611062128500102339213199646908441821340457924221143298531138521401
40960555583884262609734163767240232303919790030657047401764786797660873698336803486627110949
356986274674346328369454322006768104
99363018860
890635456493357813736300203598909280232419306008982185771
4127290029076131250966091769877002701587944449
89147680353737604970803144400757006341923995040926183931966988968387832952189807
470046844143647088461242809686799755664192
28642153581138795908300658059077925166186577869278718447816874064488489908129825653116986
6760663676183057300074792648210589561417253744490262175248509352162306090634068942
7977
515076904754521840784843203373810
4279957264852243248835926289313431024888263048
855384558409513302334969
10395802389674897454508953
257561309195272782842368919834754717545730098985641209369367291712092269758605810360361653955740
23821504321855468333946741796542024858975545612207237899485620138308263
237787695492886544397324
8608075203073204336075599282538
5406620
167816822656444422232299113300140132153762055830528001837360085469121780313094026522727554296029343
6032393791213268967437473320540001846940332594613294977837911997134413525840001868392889578
268961623345481342503961506996080772866677569588656
17182898272784341551545012056481198490694481904571309145600668800049566176278787453011424
5025463711216327453980480398469029242
78890316757790154642661447540176882404662029267745349097473
5464615402
9433438184232696
0467475118426048876267439484857988364433233766785739025284564186788629
2084294310176486127635812560355321956361917219365404141
5990451382375063525304681368311174698964574388615741065859668664732401620
1937615960962814002606597803486729163520660752461190736704371253401
571885191542382825
093376429369803518907927434
527648679215049690323383683369991511987435059561757
4037377197914628442248537412821598181665508542263730584492582079476803061457687648393270058102894970
30977087
77103430429989579506697101595952398423102253105125304230718923182863222088859574062293362783650913
61033384575143933932819623551893829211
901813280820196208939312672972922905927021488654107543409309770538395792603
62766797542316409863401582543212115639903031742223590252708
516241754965620918256928924162109867756669684854
67517009066517090695149640109988272098029
903098470356650392847277070763796415278166260117443029083826551044
6912933635999114652715169654132386270512473
44536123264863
946226882100515678440735635187158989591239215828346366132738075717135877762710351045
096784
3532779417079663164283854138245643052983478413022687115868
8797508150968106887309683
083456309536764960862875785107658405247
74544411476479113705427976426931444256340907833626569931206090272
921948976087627093344077312057656431058575873722623109095937247511743569934217202817629712469
464452052693425122126170650406777617327588089163829792740048024752692061051863242587594