3194162142910
5911730707058054579170136
7544518928484640801
75852510168
4107669
1793473
3135533665675813873509
269560462
550357949199
51095910047277705524928
454092607867
70
356984943680926634
700257083128142306
384483789483
215810988081
41709
1500460
3254405200
73685264471
55131867
1999923538
467505578525959425
2206525512289083
94742526374639
631220713142262
1114239969
72938850
1524941935225243269
30243115
9507130823136243
033780957
21723
4785097
7486996310384642072231
5152089
152
3669141289569493459
4040298181975618989610
2880232561914575091
9697709478980606
949047084991808642181323
2628080991504
9857
6702595761198039039
1661460656
5956150
44324755
173644062953426497086
227321
241497377513612790703869
91776461107
74093992551191182
76332
57327112
64975846
69698110
88918663890
8
308000141108065775
23722332332404940068077
6348245211335
7128681490859671544717
24411058934227215798
53647850856267211
1513
3451672403085326667321
436592354661
732691156
486995963162513
2814422049565096903
655822347548836302684
0827
8922258680354650
12883339407
6285830519878740036
3646379275031990
60286471128380636870
6610363951514432777266706
357310726
62038265920377703
1305014
61
22469730798927647
5321511006354789751747702
651865130002691217798
30
454571
48636206689213
7489620571080373004
85872938184431054
2655
9949535098010553884
83222344568576809590993
36058664130150
531034207
3643535674107
89765925505357014928
6106617421734760
694
904295068982
4221513132965025995
32120971265414549328847
82
02460252856
198641762139303511319473
980445632998307636
474
33622989128
735104
5544
9145526362
7156377076235
9681248207
38
62917780
4617265
19793892557167
7608871211
872541080396
364379059049548562
088609445540378
0562992805932486247386
67760
1248150658
7217233410806
7818630981560
97588228481065538889680
883494553592612820316421
778410640
81473278714847
83965261348
7313833
63984227597
3574947418015
6700510227312497
4
591796095919393716038
984408820322498444223003
034115910
3
6402420029
38144012
430948549
11009375180051207
895499
43211704252
61101541252392655
553214333953
5108822823
0520203120943449722822
970620166
1628055
073392340311
542347185
4
0158629290894390802813
83132023754414267
6630918657693088
9347734473295
703744922820
8
8470139151484
670168458400733392276057
714903811355065118884043
1278
17111082132830
58241077461792057
534250943680797
45
156226383997133108
92338210
3076521390786253950341475
4572003885609597610091451
70226085055
902144813448081031616372
507234305611638432
31097114
39042114334008
12929140153332824920
1617675111930
579039642
83427193750
4876867005
11661330405761
952
6941
80467182397430338508
985553962
5198813376909284
4846514712
27
7668294235211407021675463
2524908326243165049849
83783285669137326
077629
6358285699489085650447930
687199068186467022703857
7697184011156645244
0534
4
35946160
49720534
9643999577363227511
062117894873549283618685
50337705186780589
63758
076
529241867
71164597186324850637
08272392514
12236
52598735451679272634788
3
54205991807562512
623185802999531966617
801956925513412448735
18404351754757
221320138643819
201077643
97670
1
125166773004584
562298993470259232709943
89077518926
1182
9561009535025
696470620939920
9801215759256580647
43120931638527138
1653525
26226
630659523924341
485192097228
446581674938
9992377413339875
683
616029966062
598081342251795455
3922350328746521327895384
2214563917220012
8354199807437
7
4733216414951
911433188
882
24146968515273095465207
96484851745826
1445932
918
78370
3643108000582617684047
46407627550835
14671481781277
8224470398946269852
9506267974
373
0357108357864
02023659778326054214445
883495084211652
8788260359088
641537094908952
9866392
27189321491684320428799
66189
9910663637076386
7740892604118731352049
0431579165349108102540
763332
557886914
2279931022785387056443441
25448
9821
030757826324357698629433
7131376753514017546742
8232966
1764159970993955
932
011972408685766832
3
2913409287445489
21768083526988992885227
0992280369499620231047695
7424164
5869193250604
12890407038
5924305
2164
21180694
380
2911787598735359200
656893039427
68
84861176420
5150635630079114637406537
7561266961800938072
3731527314691689491385
0140328
07502070
1193650130775
902544438431606
462751586119467975852
290588783676735441790221
5035305
5337540840175626
412
9564601289024688
3794104
890075223385560375081
547591
978
368413242268
1091
2433410731585518057318570
2625496
86
3428793124014506546945
781531777701997790
474436
2398584
4620722
9093312482564
9500685206599411651947998
41334864768211401306
9218783281938
52703846442579841064479
1747735
65676460075627
123
88248236
7840010780049
9772095872101780
109
7918
2594625002022411
94017347106
39085743021179780998
4335787794163480958
9614350811058393342913
237983
7
3880133006311
510300225536022478
9
082790644
4452474
646619907863258475255
2436725648101835333398062
588879918
70416432199746066927
9765933862050641823608
0217892351
5272418148115547237063
9596550096140
370576439073420188826678
91053737
109622
9863541261428400
178
00164018827857
01030767585367124085800
89913404074479735
9860
54144132403232516476065
184817674
42243
7727324005208
45125333935813263558
71247683904746414007491
00
09861892813616849813
17523612486
3308384
63367582277842
370615703442869621
41375406943905663653
1
67762146
084138283657780
035220591080940712751
890600288
3
57376817559
6871008531
397045824370586
9
176828966
5014099
64013
700
1841735289735620
19082499145024756866
9816997834
1926490182518923
9
40589590072581601174
5410297
3969829723020
69706495550978
1952