6527139217487
54503569009865
709822824881390141962
243321206625362
002121834023
7875705241
97113808507308174169
22161
254690401792209
6496035967965
202904
7
6165307031719
92448243747
0645305461126382686
7880
588442
5477
3
60932143335918365494969
28136763845478918851
6717
0
8990160731666
10084340365591
759
25358364834515479771
8
457866554151205
9441694208
9811001
6430814970457840800
59635280452
093930680
1928927403076316471400279
252
4238934025407915422327239
4111249666459747
031476201088577760313465
239962605613837898803
738145076
12537774284320214991
6761245002157966
95407373598774060943
20088749649146896627
5067693621416033
9402268780036973
4914
9239802275518300697067
38861750681581
87323665262626636
21927100
645037096240515879
645447152
144431090
6401435218154
70
6135646235968
367516198
1
7387768430950535011891
6727642140434531807755
9659681524697
6339246
79625988065328826
016359672889323
6015
3025
030004891986656010572
1
9013400850
735
3947771461300994990777868
15536853845777951
62499895675436
767488964383
595661930603
7710150971306579
29658587500650639272
34
6
539524210705
9262847105391942386
91774904092612545093316
2992116907
7092
76778441493
4935994313184
20055
705274653090975060113926
7107020337615897733745
564040856492610689210
0889136376878199800377
2651996151680643174700
7911326670697854862258912
991098102
02310119849154198249147
36291911435
3933801
522697466191
7989195
372947
6391380919220555772
31331
13416482
72224358537701
79
6109630494001
54
630304536151780333800
139329451746701
601246611142518073595
51781823753724554
8423683064947023
885931783264845768
30540
92636173338753
087578335
40230
080844033832227551332314
1031
12390751486030760
5185
9097744107458
1397812174
5541933527431022
8008
6
2944670804
06690385873921145
7194674365640725338
1718420
744555092869487981
263877734624373636899684
856492861392157
4
68985365774211371
826653400357794151
721850130776036009238722
4685802
5727216924838795023201680
79731
706127321753372
8974
2
456796726585336822684935
171
4065956535838251860326
691
6645686448526061
84701911285481
520
5186006697263687150023
5010978819
3039549050645290
18127959
5004489577927262
2193844
22573366910724
88
261580588518879051295
1018131
55
54765956769485629
6504024516246821264
029153210711801
559
355304
1
65931991023224062
89132608420472833
32486601751104363947980
051033910694083043735
0355017892047140252818596
81434376801932
712660311897838901395305
4096417766416664359567779
10125271
98263385158559645
3547169779298
2882804276006
8775383916908002552828
382277474
050557315849574827284
901002
231
99588565934361283512
1047404
291624
3454145345017
4
57003668544
7867923096264144212081
118621917
90355224952
757
47839332809615
932297088258677433
541374
5
058232062520507370146
835385144218269897970
4513705404
54
5
09211779711149511132
415859382314295618837895
221904175695064416
9566584885
388604418895599790623834
534
7818491
876787779851539891231
9861
579278995161711038758845
7296263572083368241683
669203004
13702444
671300088
38008296016
852705759367738402
94631623866427806357542
73795631208
117524874581035074308
45760000849124340
46043503005253
54
23954034735505038410321
399554412470917
9689154492498989395
800
2030292846608050
0821835629
325927163
4217203280
1811757535611151371801737
6756348557
3009046
687468220
88655086732886
445404
92661059969
61236559
722
42
38568986986232068673738
3213094266803994
763281134789484
9693362297
562005171
652718021243995609
075
0295361061270
736817830491
749
77572898
247793087
8698158523674
83651498292925193
4096
3613414139239585
59981945533776632
48875930
1968235559065800603005
475446707252961
95125125
4217
937108142124250584401
077
5
4012748448848365517088
02652213070331562274104
458913988
76963510853203362732
9679791475608254
435430420678474596
001
3649512934267009
080875
93
828993600954150
41847633
56204690349393
6896577206
894284161650843683578139
763753054779
1180061763187
2545270550203251
3
771091879935888
7810800244109
18254248439273569904606
4553882701
080698973
264143752198037325
1769877557639687651
0
7220
72544
110628359490722
128680
540909325328364
3315862037698778593106826
94403668411914
6202706447975111700094415
34625798
4
10475586
556138348371324262328091
2207
189253721052964795728
92519781660
650833582553
91607773041216496016179
590375055613239
051
2784311
454658778536574983126
940705849630693684211
2259070
015658543516148370304
1873733975182822834
3704761619785830209436098
6100487313264576160
846376
7404335349
59981915
5423393969000
0956152865766689704
28
67150736503888744
838261633105472
141179831870
9324315034333336083727
459
1206654
602056562572731875689349
249036
390180741
7
8
91498860351867
8698851
592151022522845
9538483
1376922909237810
3532676
900247813956367091
5238
6810760371785
022264
1297370
496622822889996206316
70
60651240247614036761123
3585267896216777333036
9790373539
2543
82174447485175179635
4695595766386418237352
638946175468926903879
9633307933934673143858
5393645423214822739
3
496701
3918912360820164453
1490173109
8660986343098115235401656
1653012651365
627648467186826414
6312231900441
77732
9640287579
5722472
320778843360245
58386620483806258
861417118
11562427315961707436
7157454425328681
028
1991
41581606
43535879
390450
4636870172070244693
76309568649306951697
17919356215799844
0165847090585700430
3640
5832062444610640636
83419683381850485361546
3309953058298322518205053
0
1031499670664045873
72125374842438
0056827089528011056
991145085176899535
3834479
9277105567988545048981366
62548355110923
1
5602724270166
078
2628
14220552211774150574
146388
20550689813
3733845059241470
1
40758
6448146707082774
96379335
48072
262389954695
83
396313640537518014
87072368214856
097688966049841389907915
861146934265
6123232030724142583
4382
3456091189183272237
3073
45736735348
7364059430967
6301999716398530255058169
4227703931154906437
88698464057322982232649
4096189
141877864557406606
65874827833443145902160
5727051488724
8043849895528113268
744941573012407323338
13776
19207
50935134543
163268032
1169172095797911448
2310852
661567814127864
40921435
397198332747
1106913616095916
266601113
881851238843331
8957819486088
5061949
9724999418863
365966923059441249
6776384175087
8767378473287237011
5219962035330
57443173371593369269
135112935538195211
7928
2681076187349241206967464
313170195909198707029498
36123315894760378
659847809063624750647364
4377735036015280536
74734459807259647405365
4602512514205495075
488449
475
05534
76891348005
021280580757876369
1541418539017
521325981
823334
60
5361329
7006935024622
376793432925043486411
227805
10786182983807
98199846811130535533801
79
537345221102459
1748011664463953171683400
51335445549384451
91280190757507444369170
1144005774
1
726963184289437934533
68569518925016038100342
859181218639
195943884334
9135584258766
931458958107037672
279955498973141839
47384445230
33525459044
22
95033
9254235648
09456
74642480412
4787333537352312932558
49297096082
796320
65496762412169015779605
36860096968355859
417088738191880175372
7643202962394210305267
21
96814
57061612603
650928
185150273
67036024169163965547
51497814672037226
2639999993248097945243019
2358757221401569893
621670441211427
949779092571882
3
4619336460343985
870
6925314703610020953684983
4
385692053
5171
652821865
54067824
29986105149323526
303
81249693005369812
1117
0457014492802672129274695
7627487323293805822854
6294615703154
4647735211085
140
852918627
75150893725636
54044479920830904
229633715
11
4614
816346838
7
78441748379724
95477121366253162942
710
17465873399448460415
2603882956295571572789638
75874
303408
0780596386447850281
623438474004309941589654
8414833920
035635
050446049086221537
254242
9553811251101105413635550
98468695615033653405712
0
321526
2844436492296369
608239178307069876
4997
09319639598
6289072536583872697751
153212758639980
62308059
5993214252643647182662
49587951384162416
2136211743125597839180970
6356479566839741829
52463922398994805446
545733599286954118895
1720906376818
411542989904
191
0874054980598220339138
17569217
576912894
68270193798753168599176
887569754100606416592531
45949149419
26033077578
58951618845427
4768960932329094938
966427036345402372237
703171242
18474423268520835842763
5948322
5836682240185119057648536
7554448311433594773720
450785
311477052215
046931545083047543456
78366464521050396616
0599399452594
342
7947093903541274994223620
033243037891645170
618292245382210
472547863
341
816
2376814205036174325783
692358666313153
022527800
9
35872209316114392968573
5138447173813137514
20
21649737022278645276
3456427337111680
09097649087
353225367194250961429
9978096786686096
292296510228504486972795
2810691153567412
9
3727055682029853042653736
282246705022650304047
29
490871116057359156573128
0264060133098238193
370065232632512
156960
67092195469825338
8718
118404920822
730551898215060118074
791
663802147175752338761509
5
3
4442413959581476
29510875
7372593326491553558481344
944209299323637832235
384756454682
88806
0630014957745611608103
535025979
9823098546552667465
498854619
20045381696446436
875812792071501
69068955290
949916064992166
6
4413771039815705333
18578693384166334166855
241791789539516846
972729386010117843567508
47770464662999
26955556328
692182863167850
29484
941970146
151804481322
278094620159435106644
2826914928367049990785
520867307365927636601
77
684526751745202765176090
1848200
980276855212294864256149
24660
414
289823540165
0983578864049415061154745
6950
6
947242923585910944562561
1237
33
000859762943142623363
1
0585911665
4
65720150553
1820
227
819344
1148
5451794028700579371041
6174089433602651
5170086586556719985
64008480704
368705723
44502362695768287
22869283788425219
0706670
52825379321193
99065366538
0091210915799349608971348
25550764904533
8819
9780005
2050
538
71509
5694751520481148758
3202471201126496068100219
8443212549803494280377237
298867723007605778849
08162112096
181695937937265859
555452359054492194676522
97
847268813420331799
5
499053037
591125
20493994777031043597218
1037
4879049789760
14731075384775145124
9270261
64
94743930662703
9744299159
9
058298849335977504245515
4149522672226
4176
00804632985
800664480213153007680
797536
6522
840112656908454
449455812634149
805631
6733217955
24105468313053
492
90777514498254843
8903355384
5326154101267
5950775326210274244477862
1959
64037454275
19
03949769
108
468160311420551643
80884852612547609762361
456207437501
45021936
5865214874
4336555015431323741179140
388234595
34279641136318
399289015323230213
6818032997231064123023
644321
1931264552562128990976
516438295
21
66483076248037420860233
368360344101753306548
3322761538408145027647096
0675
42897301
19272661048439096580682
41245145849858
3618292282
558361551126915443790950
875471481519017010732871
03227171300
749630009450942666137
96607743777614492
17803374
747412386090419182304
502965927806636139977
306
4376758295
698566961108762
294545484231825431043359
762
5
7729
260122413637889388000
625171158585
167772539567
7777691887339
32398920064
80768483278929709
516455477
722735787825644485546
44207891
516107624551938671
2
528454260052416
016499542840
6419354337210811359
85
0
928165
92785908
88986282141
528935642062