33884097344486000489897590346236911237527266342820
000317258957442803541567780951469013
6888433992014058329964106761
6627858510488693901245699306570792770
49
909118953
959752299217996670768007985881
8855446982716909019068
42899560813923323
670640887335458544
09890637107730564624694976800421795261613846632533
34
102992000999942744329258567550
517425931028219109808747708916975016398261910948
280943365187
7249011613794079427
053693411584943860036442536210587
5187455135033936546474168
23047647932798292
133614374636345092147999677978333
63396761266225493292287227897107876506593838053250
092907329764669611
16008157611117325
5
914392232101847348
1248140428097363261081447975810703024
6
5010241612187237845670503217023663462960270
00021889057738025319197056155730460878885990459
26466057
434406090421121583612990304929541953
85017465256914486102727759006312663906619165417028
39
9844638231081699597827394087035040894310171
146326425785013849909
341334177650017151982547571436335398909
07283236510479190150609333261
57510115
56265255805430191779232276036080052771
766853084735447245711636947821445
58
12441321941986447879960078786423048721685377
85212892353734500321832645
962168298080583981581231358515
585148691166793729563616633357465923585508
3645211515447649155
975454618811876691436980962054806855
225760043330423661144698544109922239232
128397882093036751062542319366
56518148143649545594492877517586536902571145507
5169
53963380960007577715
52312208066507
4308386457911061604203710027091
62309218345860699023214413791303499400783408405
0578016541744492442842618600519056679031676351
288609682445
86356425623398110051
06555163947670552364714214
55
5877783
223148707174606045500050100755254642338292
7476841060461810447518838937923086380553129765714
0361344303207790764821753901079516
4045149575728022505321
923171607953418
7703439309825529517655854669643279477186057
91406255245000174211243629170936547
0395151421
862
93284259
929882451230168190133967
196608138824454620
08360565835541062799116464
87168490914639423685972446314585208137487077164446
913982883883917953999725256540219501207011272677
57881633099526408866739308095164977659528
39661499668365842335595749125070722622671718484807
9618811181634
140784555605980388741061701150984983383347253638
406230936658083309564430544437
28165617619
008888516269841285865780019792375694
9998162489742419728490665
337341667768370565109534728812500224410088
4984404020323337832672918477
406261840369283519354455350839994008
77465048807612528166378576813368
9447147313691246766512004
886856809
5576120422574347730
01094381615551894265779
13495175741215810114264389086384550109415542963
37958567546982762947738173340201
9803303187141665790860005
3127141112233144916649346803
71382992342132753525716352
529951132386495915434526311722
712382572499993478
93443153589412741474006968591759459344536281520939
3925126806959406499226354378
1885346926774397166352131175386027643827597984
2289418970737181795712044065287085
719634727211778692974054552764891164091
76454085
9177324508189436
9831149
2699151381672050900582660529162060118413034281388
03880597
5219827205069731132537354773040599
686794020501
69805148094255424263013147544
082762911937
8886848089834548600885003381153944852075970
448248278115492377957742107354347274004236404633
402452030102
210323239373936457303
44409570722922768707860999722
6763585704345561532
75356392778605877161123721337918154455653
482
180108611486050374767222
27861563
36586596539581089215507038223938
85863468285608931489967
02297844514302
649122676870911346081969
7890817711
63741219471588310753295618287526484710074145012
2278377786035992133203470
24748
163981138840737196778602382901510619245172
03905295120662909319781572686447870349322816947402
5
57259247186719142366185317975733908409500868
909423552030860434
43623250358746
34792526251993935051
6863951356281517813721713268761724384696774
271700303508828870691545818800311784869272162494
66643337386434902484066649404575031755
32884492723290365419
57486855984727
5285117982079622881876325868647568307
5531715883645188995218815374391772130
812434662962633875358725501741666
017651676003044668940102713084793
204776477932788481965428170760382
658945950774400146748753260512346550516087985
3022641924192692822514800088472284974580
6744974675642
8891815
057820
655115098490
209252142475080314715162374111597700337927
18061736
584033239241
0765687908754
8711322637181757785589650
180712705979210348015049544182
9
2807517575802358458754123
782561
780481013959892717787087401625286022
33441793652714807736319611154751
493551049921880675830793287202219082
79434163921111933031228303402297
5883390494827368178
493091967515367859
907992966821032268185989625633343619729311041
87267672404306644169660353149
75040439551095779871825
829068228476790897732535599131327713153551463
26082155698654575292202
91042400468
277964773511845149196483397544308512767
3899741735
40537145854324691846908239750943450400371976061
84376692875408419078493780304
0299280130813733
3519562
331729416062862966845639015769343760563035
250969783619708198614212352200264839199838850848
565100095651387396775
65267916753658002262313
890032828824026825535875694675134521001815199048
17861974936670059293608
662281844
44513813827697717871689038847341897466185
79203967231225758102693159730180464371822287330667
24626751868
707843826183
3332548002540499109081812577510197923
6507841764985271069757297
25374
2895975237528294877017
501496353243588610
431980221959416705490
02166050275834008055913158703016026563885797
40255
20106982901352613916495635484992854394167991817
2594820282923020274762658807321471020807374140
02165747
66919349231041
70474953082
32967624930787022843507756930809098
379859290736905242508715795753515211764310
1988448
1198888154605858002550676853256735492084848475713
8815154433681142344968767394389032361404378010730
608144876
223461066973091011394069
633760558087572185
76965487619853730182101245265
4785120530157042933
18210697614047245052760016791704426622648631897
2153801712867746466514
7951353985301027531
3
27972654163753396479
73126253985763064191853346878031200661127687423
121801820455389459218545647221037816861391110715
2198101556
28835705718343034318562828630988
23602253456392834115695602297067
974919218144940872516392809892301694
94886083651338
2354696522173180746798
8818179519103341716260645207479194
96
560225
68423343208475057494
13292189815673400557716504
5106
8288387532354843269555371103500002079
264548402571586531177438493728021698900698
7519785130794875790
957152168317002264090724891
841544408569159990851463666706253
627124191748050669
19022822994385
978676573
73461832458048
4471901184589468916177946592478
67
6615409977699487185648374540800976784762
1
814590087222428965
6830209325910353
8006386745146413530723462505990043399326
19563212920883495623187
84474304623674209022879262523996642577
868603763854167838977664525
5666
9389825281655116999112076938007416889
71422030046870302951416297
6290255051734237164820039687037461454142999
46947936032123592175556254064333952059608
526976882686831625864836138483222
95047467550
3174066292779349670513662
17547387722165948218836706835364821716986288326982
906844722
3660079134
942566225063412404202286912743093051
997409978283770247741357468355843447079250
0239985248887310131
48772587743320386091
099224863087
239087853381780956956731624
681008990931654555170095893
0936304429767936994806
5698004312
270439483
506906898035682264875331567
943285150471523
387470820810466442394357009368023832583901
05502934740872727385895882709814743963595747226892
67205585741746613017366889669579817
8603369725154
62712279543566651670641952722930300734409
23
1988159224881033729
12752337663731942
87462274540965510169421847668731
686381124986825547538575
715529571057296249891644076965096589302693312
34967994990461708533474150465256636
16168352696740569008537
827335571497068956259776512197598711991145630710
08542336611345673034369243051299376263326518
51637989173529636334786945523991064489782903155
08026621522
0880357023491511345033614995994864053912132796216
8676
8463649168718194754507644
84651
86617581823972
931022374625653869526316
24837220225202433819237699608932528455181
74093234258373831409751083513692324197
633946250766195327930710387106364799987058
37666936597324402060
6599038243403857074372542626768
833718896045258211456718255574975
54908907609421118819730346488623518048748
6425323756660768356111809899
0
646821157
50885
5090315349
679031
649211660120278959610972525896
97939074
31054012740356070061723083
36581493524592974987920697076969
22247335023
677543676017342139
3101119763064263081605088
410887331624087166945
82563
96172825195046741974134749
581347771256973712622146914
616562108903958950368912862075062851668731147
266900563908808
5218391658294
116808803401098532771231445217691745925616
90428814754787694257068216400028240
059479986269901240853930109109338
810659248477
697
21528621487753604993619333482044649336379263067
442581370649055170
349182874012675299868253
9515613672928741522091859651882117131340
4126780605829785974
77188296263217254864555702155173
0
06031730513246125420414
46874738840307475630743798627955284753304100387
0824213922932498520728360253602248
0836301432527511297743543074913153329
22309857471449002826193053319582745340093211
5835455503979055270931942026601109177514095389
5518528672438261316990321102531396
4960787196651593679009631579371937177481423
938129331112104694887667917981765079
1005541538796126336497056531849
7230663294310047556578367890547318782096004542
4340967918593757168774427188435787814214423
24913763215506701831375290526957771569690084
715614145319085375
92114
75132764730767095586075
554213183057486847
0
936038
069522617619273641841332950001
4853374647319244
4212195
82758564139
9966493952471
4653044456683234687192475383752480384278439
2344397336505987934597999754846
5
403668108337550331534486
3273968579545103508172133691712728679883
2167328051558
58010134567367314295964703033951707855489619567
31810721631928049562168610758471636
8065159177606
3453802317323674019765578881079752557620105194
276048121794333422097766499
55533014943026282277524812757
56046495112892102055870446719
872373111091697
2302478176751396888582942627600067356318246675
090525483428208228112203
380215391023718889113938035
410893273869957633545978
152261071586906971293914893959
77737
52281768088055147587
554888411111860518742697431915561886
677354745910634663392
4776002657770086007271487868260349451875846
06
9895978132106958825391162987
5791178516195286
8375921952092214206470513676716421447325355455
8513795887378878310411
3615076373216
3857040226037570369390
32628226110456356162076
3271556354252667
6718733051170419574
7607909668108312434630523274545587493663782922
51448116
80981559929840270
307812673739179085
776
5833198950086542771701
306792017342724751948437573642344876652584
7004677950478214
89165839095559498568906964246378967
81033155
548030396774039890369884271087971152017519350
6013902648891060434
02048899594760405507
345379699450352554009202095680095270960207393
7
27599260232794258
547051778981477378460570506350219
9867927
94066530219831850952
4574783166473501469695
45149198597308
011
46549955297753937375871442231297097350
8808379138650321144522447562857822032986141908403
13
259353123319082852110267754629552634179923879
727950
3061938629094430168557425836873422134686489000757
28503154706336363546661354762634845
3042312585027388
76484180569166983002653
4426623261974869252
4828807511368720884699577771127298751227762
787076112409570922618388075535232655
637667443751311234528435096770053920332948638
5802674458748808789762
7542122264005844301329759691
804937389609543358302228965324835910004910236225
704326359834690089
8665543146045113559421520144792180518609
7504706107777986389808164899519547397237387456
40521196204130168916186651658
337573564613228209544957403503020314629614
1587175058082149408361969
34
12045134125768651473027056476275273882700923088
5775248324628418499737050
648748051995829260279686751337078001268803
945680
1634
097504825597237868092174703080189301315116
99209
559926659774382213632977428170931885565397
2607229573082231636741448231859025634764
28843493963183998438149971
4404520273520814940289622879940481622220
5445251
5466793458
854594380929341591812139317
3842741672202961426527606141985222101910523
7912
81433351396894292051540571338664837815000975819554
924405864
807189479967086127657320778503305645800856894
17213735304
22197558686876728412926019
9216078748337889081002993525322656765019
64680423973099913
0908359303654892159982517273041039648127910503261
52108962897839461798255
5409454297154276725490932307029098293363179752300
5790763085049992307526513273487757244
1979914236
66317053498477263857865193161561960542016804506883
914733060189533214
305179148838697471488276200677693719
005148602615538373179560897
45368785491
428391931
828514170
94546643910789404046
38501588842646571477096389662885666929
3561460673348
1
00134103011127247996427
531029578383230
6195494954491861694560805644973926455281681
7512837641960076390158169422631866030
540189728
881565721013389
560532
48923472207374717210867258852701417890702341774
14730
86389193622
21225969007277099
510427458080481348220512799
984577695654668973576488
680279893860561063
32506666601385953422828826223997720
685077382656676209437962563572848492746
568805234115225616359522
171049005495265307145533
64879320040216825808422042
1834972676988454342510836316149974457
498772220420656730
401
28805781532961461400633656300972075616340096
848985479536386120085430197850
307
7376274321852
6126980242954643415520
9792728
087
032323409980936887764051073790606533652901658
6574470509013039388598910786227600015
3796442532993897419654407034346089986954202431
84945557637573110788292803291905124308285604
3944913240885869165234639680692
3036292239847673053029492187060267
2056661247791802464060870661057980963450679
815799399213
80904785798982
44778486082302231388656
7248497099134642859628877534217350357010372835
4933356092663378742878861733785509218526000
5661348
30718202076561280127008
026871675698748572055145696457868986280135669
2193190406089841625139630033527882853
9234180565811516630988726863045307182330
1916104988616058
849729
22231118853941877415589548077577180135657751556
695643412626911441878832597503
694297866187
32740622242270897569
052919770634551908953807160069292
45534166268053764172825944588479293311258934107
35135189368399225605
668522002719202342775176653592875989829055423068
722687
803761102328194650104455047945487709570740687
4448063808603541743543990900767700168266388
5781872243963813558225753660905
7849473716741990
2724453477736
6959297834994952786294244787
1898131241982218521369612904287875471952286823
00
850002715428257944302400758747029942669390567626
38215786245052670446469474786412741224669292823
1854821970512027227837415139189241604563116847203
5002772217097917575502563185107383435230041
6054533556788389556352016155753944109119172
5395779
870051129976734486
46490596646
9224491143103686879505489593185353835210135172263
59905645319940460
435205779860647864959893631450468937
57898580101566077747
09348598284997784009586773
3937754701
18629432276303847907524256585461
363032219292
6243228418546585868269000187
06861367364064944800761
625166622342956323220659358342613748521090070
05457528772307617174827502147018804166872
5681025
488627993329607601041578508449
945
1341830039
22444283497681244579556626945864
61538322411385182459883282940578736178696539069600
1166811844398139752325704162768
07284570402427
204
51127
99
8
931004154939889141054024407220996168
1429372946164378381654502858898068582117
7622236804833395804185409932839409660109985
15796845690986926863060632591811034783
06406898911849582
1937538599705709463483825789635706997343287386
2346618069
7206583751422745564086992095452136788595821924904
9922067431348024861771792571224
28402438504675282137243220892797361669588338
5940295080691257
967975113078258515411461107779681483
5738700912392864996330660340965591380407756919895
5541292903751
19442693389710709929108357625796613063780352026
3505085994918287
44112995810469745954216599582
8300361207498154644031
87949899963201718339774477401235320157078979676
9405371328104852984488
3489058199959545976774709835903932906081961
6407660556910665732
97767672640957711883487334463106
699093611503168098490809947142935158124518698
4229507444222429100162
942712459
24080
4512093566640539298765599154632
98236832271137895065622973579563328572301563927
9220388792350449118215381359357275625
0714881540840441
04545679987530555
5096183901
17695852719512208254499284740300162245539806367610
1260725917097
784148058948273796384596855324553635921531063
61380115945345388858435306952082671528337829791
72370926153218082185181658214484241023400
0988622139052771815445481573416741295972659169
83954328
4224
267189303179083082273
0239092753498708935410363686975177185712
3707830731
5444991959
4868726491342421386976620887736101061626
451022313559573627
74284614676013814233698866742406412174644521
9977462592395321275535924
072449261810088381287213736
33713468737796737351842
06434740788796848797821709662707049350579311641968
16798455548242409226574813372948959
4885
903536690478448479307241970281
6273
264505654609836796710
1440755964544036186084299
71974503331139358595087
062468647281785230517223127082190
17846254013140959
7935946
84138342111112890558220057081707301388
04452800001551
3868052326
65896449314832756261793096904786971476912003121
599714639
9616168766
39291787161388379614335743651601
0390764873970510916778937939005269140000485205
18655820406700808132101345191599492
174126889815
956035391064315135081038
86
5943883041201814142190493258
46548233961174011
35347
358138937485323853
56183021220947176120111599745555150151376770178
2020940291464
2006170
821776817000218961592158978261680299
3804954
052758795994712951162029248342231
98663607438995723553780766054
66628335497
7693320743048323592657484195923
494961569831275
420597862805529682975354499049320597736
90678355774137862683440
303684
965477259189837348181016
54429139502
65510931716994777399717492
888319563675549539628944677775653410000
120797386685830792905938758191623
93607605513722979138285
08828308617523389287557245000400281768486422
8178026271342495
2728
8349866063345447795864393
714422093593716906643
9235429248741588334
36179284773372644503986867
3260958510057729
248239736882180719096697012841730494144230
01381377502
4946042
9013512816541130057874879988928173489508
39402874229
078038649
49758340642077626
7048792584
5066677545015
6820446028129989504
414469614172635465
75990338945740389335276459940520361
46228259424068788461445036049549228111033
6983778188958393240954943154074091813826619
868563335683787
86921274709056270
7695359614270012166131006812924540
8708116628676054247
2504426028930493085305881
81079970119023010655082913808302756702275070584
6484808691124988526818161
56397
61883999817403309833354015
696816
3382126425168358870808936424
6870
322286595638717072
529135963191794342
2
5089225568569042667226186586637309
48419665622622137437261470773123
3
809054540092934851427557035732219663229340817
858097532
40676198
99729835769878484440
622931056091022339151676688
722
51599
451016632263028464431237713316845688
488953484494248468043
1
802574672723643400879957198833148505497511499539
19358351953416802038157908666929195815
216038402008703288411721757746835397570418
084919776845599
86777095352439845363948741342
51934879434249828287780044
213356573
47660409445789
78387046513637575188062206879793943614287567753
653000068223333327806001979
86609388848
805355128162733047012682084133632
621449723088591716916
510284
725
9320386927113525456231067547
415479386532080684449556591420733017418038162280
172862742709597
829898806728728255726943
5180187875578
2344586714990518593678403586198719665
88744358524893
3114136370075814188
88884076089032660706284281339317
7832359894698235806888148600042479809664481
528163260
9192282386
608979013
26493513890680499228449663573408288560
02
3668507
01763640896997111
302252475681487696679656352298648793256744
993300099230426717771083206094
42154925682091964343089961945
65450448032546613853622888
3629481517111256673282687527928
1035173487777
63055688909734973294462129
084430
530544796173038942790330
7953089260638881980318635918
6695489580684733084
51737394181308
4
1368345099773524700094
04900126395111485825987362855079132464019
30266582188037627231834253058
406600370557995814955009
94357676726758
2149315736910889924076011419043
0337489078861659496907991893694059
170974832810312768422455008977
196441988
014047586580766506094766269113535
53281300375216323533729251950644246466057076214
570438327032163072074606
885
59834300543757965521635299498979884601391807637704
006601373
809044023582354732270250670998929163205
16668236978296581270521
4023617518062973032598995515091641964221945616
695915975522326159382364637228829700
034102400015285128037011537092329
7013162
724685538780184225416
8675496505819683435690591283639020563022243036035
622343140096373011761009025011737308
7936301
6169711212586567863862141698280
7020459932245569318387962786927388604778841034
7868586507737110753392216760822316
99189993
6492
50705442387175363784099945595371258021914152607