70439570476
587
7455173181541
312885
974741102015089618419
2996911098666603
997423025
29564
64618
8859055141933429
6499817304118
1348621051201982908
2779
350834878959
49068150306344144841
7
1545
810846009955180530796834
7325919506882204758844
549389292
40899248526169254
2921725
5017964979801797459
015708342489321972
69083
36224740626021361
89444
9874043895067878349411908
4616882773
7409814777165
38475336051917
39478106205
8477817458779098254748445
542
43454578627
55700328580811875360215
66946260332575221398
86177
7649193873166524369190
33996202
823347320074393
287529124412571068
10222038668141375362
27676
839983795414876108812280
832450783169443317263
58633223558632664043
9683588329618
10
707126851470955888
58262944777422668
5667309179267
81956241939201338
20
366342
54156448907596533
2981389284211
526233122714426520
086382787249
956473152294682895457440
024295954009545
84680337219618
588081
13247663242552792616058
6081275189858533
687121805385249367702
429925879767062434
54413533701656345159
5003549369602554277130
6829074439978163
4836551873599
001922543319401209046
806146494346
9
17506610270
8061557543764158437738188
708
947521221651995
578691699988860525116182
906368843
8624331202329095
440230824870
84928515644541564
520616
40585865
01714664518093
3167015
171501795950392731
512570
31329558490
9044091792662547461505
0556518873234615
437360690017022
214316166472
09099572
6598606696200514812
3053639187150901622
82738855004174520296331
053437856584437
81047608375590634683899
95834126632349
57
5632336
6450412049259258733
05432999019
96180
15853212481538168962695
16106965969138
4
5739450169691399915
9177554347484944170
379624603486879793298
91512129092303
80223293250606352489
142492731346
48973
94153579946
4930770256411156362542149
83397249
9935959
349708642783
6824646196
6130891176849233
143257135953346220
94490892
345878625991407815665
732364436880591373
62914395705791381990668
09
931591442
24
3341698986989062724349
5111818803354136
3576778681850477070
131
8870934029823124563
20878852066
014056028618
163361
5675
2080118575499914
17791719755114297
33
5237317
8960
518567921180255730
772518086527573
2191594254306532332916
64419835294
49105872832138576678
4486867013850918
692698309982374882569645
684290346608316170939039
32
2850438517163319222725902
5714112174
98051276
246468
4051365723950439375
3126367980311881699904
3131341167
6175005875716998084115
41985848888707064981041
202433093680
435741453
7
392456561025325
0044597591644
867849825674777274
70926166147482651
2011007393090447632188226
97
88367123
347447314402249007788297
25584211430884141599
19504361827132486
74782139938665042458536
95777
59873478084080480
95852608
42412924736163710
89655640535309
74712718218238049720609
1075187
16303
496409866
8247396546777
832
52106
368485079840784769
6854081465139549327550
79059537
2133557135
824313974517051265808214
65115146238170456406916
5878547743042531802
2
180517639303081156741
42490318563961179545
936656928844643