9176832069565
236239652167665930495893397309817
64222
694
4015545792692710842762576094
81980583560008199909896445
7674819082695865853346350964401501860145242
6739994655290148713735549921865554700656892
314116756700259162143323616595807302761
5815897203990074834391
5623960012579
12449010070456094378
6756463203997292621268904534839677752099390419080
300120394540229
8763237
64828135617434060200917417646312829575
3610064
8667771392963618025411961
5752335277948
416148279806302782457121302788177995678975116
7424713807699979253
988891475374589882682956712856712855179646674995
6032843850361239763307557736280
3072344103702782047183
81915606593473514681369074606084974192045
334474721030208
5760396772053537881812158398502
1927078
628244280670796496673370278015041866483531454660
33003780455568556
7465811457038990391335
141
624266516538927747717504537436115277
5726830819581861016285244369984280862997530
827046953876760678751367186471209825
82900764993741134018942547
73971813138876236240
0672232174563858675
9529113003168338161001130247633831964835521
605946608288594133416547812350007244
32281786526131996238531366821637
15145118556369225908044499017410559428357859034308
794239400551272174
6
3948322178
65082161839963
2224718006483121736828765290246857
292
455358349326295187176624305521994661
22148334787008137321924823321700605669
061763383433640124387309784898557951335171
0240353474185403795270410
8194538022023882990949261155697456000139838322
58162992
983
87247325729202808736948037178050060579515625895821
95749369511967164552871406238152601703620984731
35277621471138502957999190543149336873987
64112398755947620850332072317689515439312649761378
60148684973961902690011985023117796631
3
383787174121085554814471
434282111351824017427396595346514565602
2344614
673385087829114637756403826155283372018797259241
580294
041230988631476959054
5265737408802
3
53665059436097641214599841478814
753712470242788921252292894879133646844
375243357224167029
372851051822340372848317444
408872260210984767188805120345750697159559054
324087932627658866432
788930118747770775842558370913919781142
35219999877743605197871333264224272
40
272984890097405960911902725
591
9176295163
28024192792345465
08791806857317195202287594385769918555516
480334341931959933016486346874127698958749843734
62636787956988
7
23020257347022032628
886272216645252725394209978
11330840881172476078219874093446391
52750318323949957705691898834
343269833856208405002018278
8766618028495388049248105712
72671724914535892983977273872125386350
2444526720901659358942408
37814776849135271
97165627830392
26734713498747508
189020577384889371836821686967655
50082746276402578579833118510
5120018309770733668790487508493
90370045968315780837878988
78627291611386
5357389912150
52890028840140874493376428824973
9
0897937825720098
34670683342252348260122542280431445450640163
88454983487514732575215721166135751058516047602150
202131850902493669279722023053688827
8475343
6540779
3317101900492597110721428641312
267609363598613
320849946123391017961012608
9755853204628918788532829452120333470
9246737536131882073036116812749188333140838
149963999437146081939422963303882607995464325
0599860694
8967449938264025703874964952259656363041651802714
190663986
6810695653638507218223300162223481300
6858666780488
427587100236220593885699650252957989118227
477890536867191496
681975686592325427236824258529618
74738590
96427340703599415198551959017476287913879
28472871309054370762816433387
9597076897175811730067
03
854796320240137764579518623783702109699
071174789457022642310942257599251025145809730264
0
74387652203041135
5763993655196
0771745268948107692208464382779567
843490671119725212076873
449288395899884610161835578391232661777998
6822091715427098281883217282186957998
05834279054807845567012355948751687507306989147101
84636263020
5571361043
5503420756644417313737308212841988026282808067
90056907984241137
14284266159363160456918123141
4338955526471886682308430
6624
9908519294956
8658668656813955628785174514789430773238725219907
9403047497
30523423874624706759
92141129714093657833476307176772849093851287564952
8611249691887185111984116134452956
7802478347810593611
51946661656790835113449373409880588961936
42274543956682701167169368992809637159169
2934188016350028887551436729877622838717938
4
6678033571957983098220961133051782
03721474941398362149488446675321808721938870195995
74846187383960229407491242734055813780685767815
60427876254935848836776476681204171469718149397357
008776562820443122630196807646696819955250329979
267495493342768849012976164939129482
684523288852079
391958579145846698
23
224179498848087835
3008709476
25849168600973943374228921613
277168019117866863933830331104
176814108531159038456922560
159970327992174578846267788627353536062
58071666647284628782
456513779161193398417569668906492937089
3311103316886568556672789
715168371
975484552741303706183515195967467997562558321
20002606532789852843266190428
9003639192958458279457431768385455
08926649276889896459482
1103502979381646373602902698500440613715658838
074680577306506585892613
401045289907032258387051995446376965
768319289537595830197041
98254785217378630445065308918047384714
48987544
0226892
28512515015091297457554264509090260833
72397775091898610921172613753956538645592747
03616556251
064350040430388
70468477074738024664793283195
64614949
46558760907114554877462275686583
03476456432669953165850870049100614224734856
1572289234078983138
4
1414904
5749904507188
6872753682292970900381840286302366105846964581647
84743483956297544871591568615242
523266785639099484953437281456247
0873681073408419855578972180095399986290
131662979304334414299500034599447905367842098680
76296584192495406727740344531442
7941514922385977217747030674307935
241496780378836408676744562343862
75140133082
00669296722
8820018731287227658914292701261652786
4318621184294645757412211339534398013067278117354
3778043603399654482060008150584574594
1830623720026850804051074675942834924653393443618
859328785
8115
4920914175738110514956373
25601899346948949837196349821166355659520788386
557295436464141399001147857792924896
1005897482188810316843171091
08468684348048258559357735163781006
348033968413841203774720899664851978790521151
395192939166890167094085399287926199099
4219696246141067717357060852127431621
6615206412945870125240852873081661001932676418685
544270500814644108401219748561545
1495021322783876919
2882930051830736
672258819201301667093810740330030607
3367
6794175344971404149840057515
201
12871760615387236410399695011003670968
181261952
773
8619148760
96366507
510626588704
5671197013406111858685017150909356839360
937892025853011106823065728714662
604748110623545181277156417392860123547393
3568237887166891237041269117788389059035890341403
98378083782684
137605217675478742618861504411018583940460233363
316
09135557420557829322204666
6630954026268615313866192636913383069224952949
5483572
55032805651382365006955446387271
078864
81534704957
024
1182109880
79680541860030959673155947136
85358080809426917710908016058747666065767313
820641446901
41539812983069833376
436135604732272043794483
578044121927219299998978107005
9533692481486975926008244347
524878095
166520391725369841879130547861301660741287
171669862070690845
96122411813289454998274907148255
68022
357397040796970775904538380202382911
75329717758343449502387553582507358591271363632542
15138567450388990731
1575059791406164660133
616005825343691363993382517115
9046656527307355060867632368874012091261006928120
53732662486
4494899599387327049900
16138792184411886469790182481641710888
3106129249358
10649363869633656150563368836894485987376261428417
63501243857655093069
4060055581335465912
76
430629150429456863563312376
1274624
9960213335153925900073736869155524
44330828559431038078740357175100833
824734581277774412870625500189285396
745669456142
109017154842272808317
9861381668122588970756
311071852073103004967591289040076069547670
0443302121162902855068187671507386871272
4792470372
506036914662719847906
508
2539388128913647334213478806428047419343
4512956174397931
441616
3776852350078589303521457038132742183236261246536
05867055535786819747506434451
18
413166719540314022850712037
74035887835476
995226947
721528639517665
2882138728445
268830072851381988317261345967185351
693182147474126858489443
57923426993691382788985003791246128447881630959
30386291197618347864229981927
25967194353083785915248545760581
7423260357889400105669947356812633977099457953
8381281663200534195429381820554
8660319666294712261296708671657991435
1931559980686655641472998544449278
1214326237965036025205891961604
5660638676360701
2425493302688211880015759239930416364076932514
85016629729861166833004
97199
077608258883419431968692389951362137575156703
6377047735389684993313655114551948050456022044607
91427317706973238236229027363368403045667479721
26920450358326513645
3567091495954818316808149796649979324493600942
5137791377802718610111029918435
8378503301324
1516099547797
04873
566832071253940422702270157079870
5229739196823215479275200615
859
04822527050570541434536705829251127188654165236
883952915679293369387698893825
446203670245069330260764888351
1748292
33917
3851134979909322382366936620492050057124879412
156122446333563891048380533988352567840510415705
203950281772586308923
374267884942182750635131756029308
863890935307786082091658048450942388022496696
238164720183617083403
9607655074386570
077064402937364846377
19206037643395204124525531779038349926029726419
76481
289089
34987823640312230387732380519078865278562728305
191853115174131146073868
250088468277524203310592247104613821
73411464716002688810058167167019434688
5740496
6038844042726834025089039940309359
7413317090
5603178131497954
53859622961458868858877
90773630962022092317699981311588
08379993183096270381609
315175650224170842135305116648561621573
514271955494436770121118983
8168576609145469340392472816150517651102415757
20759217308915113361202316094
20362384380460018425600091105903673878470487461216
85256746304035623850719081245798049196
21264229216942950751873717499647632784367207492
7911575269300534006828356368343533237650
5068771488375635893
77662140698694
3679926618
60819033110
703854851210965309733591872097443
03376194646891180584260223502815923497454
883310156641444
0
95041010033985490155858697550129478064532054
139501129095160459417
64248473622498315230008953
1597222907878903814585013050326647130538839
4519108420283196246002370977556972
68332452598308344786154
20516771790680279897890299778
39777378995
65149289841
07268430417006257691
7606
1852711570104747354508698255600850611950128006254
223355644952340431878677
5652523
49511594833497140726882959227841349947835541454144
08528081628984902046221239595
70963510392974974232962200847405577
44123669079035111588
05511922
1471547857470739172
04907927455288800389874
627285010419921
2
82555621
4123216925959767849005950235390807640
37577222818584997934879926892386524549094893725792
58816193863409948741792598423
7159353057344410968299750180
35154
1991384844380764175423345512
23288906820803587464444080145
4272152715667560
8328194197678583
1774168
516996825372
818037710892488897932223556121156330996936887820
68127899791350015969028592402522
0165288192346
52361110261287116190197718031470
231405244466370087852140593444595968936813594500
408356080883
476273232905327408
0043038571637
93934812001401598147083725
76024842413415978231814486487114740084253249726
8134759231141347936311885634945702
8244431261442690882924874431577233209345469
998633990570768063764082543120232641537482
933540338397327014607575254
3774256953741536333913661285
113284461817
84477651807887
3370464241472184526
7661969190036579398455476429238456934266718814
6367034379179695681976741804
126201191260847067112009778
4574648312500077
59
814756351564589057
02664808169327909193169845421059321549521438
993881914985627485809145974
406173107363760
990
10542298224641990698268720178276717480489447941
9289662249897501279600659451492422609546
2228825774808024717793664133225143695933391
37188156457040868592416578492702655
0542424327
297
8168760233175610
81312422006
47948502322778061889854
9317026278683268522459325676
316412339446372471561060323477714
9038985150471788476574818528723807923172307582285
47202241
3970062142378630452024163093810005
0267233479455849115154496288704765457349817743408
914575599350
74481435903769155111753568584836334865490
423
91667028023627271376
3413700818262150966508489944
9997666485699942552180312259
002948528336346295026
6707519252635052255799840183587
48954186575624797012471633075
684488
480669853
07642758937487891559911089
3462283683509842233387951060
87678483507
755185034364819883621598631378591802112059428
3520262874154065128749442729
3503933506
660966538369202144696496843196264776036592851
889801395112504649267980253527534144706898933400
043910238097092135449456036622859016674173
216174222293157431
98887155953933536185940934606771937363352916216
979948
0562858461340410893498315689435519331065
411610601665287945282
8830768197
8269238270278568250809526306281892
716514713343623949931501
90889351
9116082
67415074400824310108007636083880780937822509
2599204948314610272063097415522
893
14218
846472406676286325890650
0038398552201772982981638126805987161224744832
590449677763582659256140961991001741906773514806
119
4910265255804165610622000958664
88106246532503497937607204547
9637783751192032642305844853747096153
8709237451382712649873844
86381175936381130577490238771247930
0163990087460296826312255646843
990277871746152870726476203674637302854
04477713304118077896658904392
1346743996431070533271359848263331
6349232865271646272831150103696
593391773119590934199455229265908328968
53450709854310551783
95360064389144003537990103892836744014546898583479
4013711563741
9276746180962363971283940415549888
7494686550273566757805976083191
05311009099916953217939240
982280900295431560205184170650693427199
83378724428435829822736499725982083033
34582455831351408203
32485756739706855451165865
37974995652114431888529388182
98709016843897231640
473035942636639
76874931972137794083751876606043914
13986822971290
759026246399160111908498255127580536
14892143657197105865945067
90390457785807425039772856399
48017297066916117949973200752123762345400930214316
1040387770
93744928
86435020637585
7455711
580848500531642
477431822
7525023983
4260631715838242151674771420
02277080669617
304781905171574810735588228789274377253465680
9314974988567425314851
9
5749877644481329
1149051194062913382480471635541248689675439982357
00326564650070647735059700186850127664108882
6837934728850166761201604228
90773857076317742850170982834798670689031875801
1744586957745
8421495494690
795031025590393802
24237
6403635137556010964970085954
728597482577
280944738589777978820107
02490041645027796603164206102341810181718
03791958262051366034402
64217439073594187459569591573871732442678524810943
20115979
85490607193198246227977330602
8318613434066716359033697507984546590284446214
51247789142386341035524813
2710719442909690754027938566144383208404
14501740329163961973093
1651056152929571580943794469911808793008669
2974720869121359289509768152795192696183799624036
1230044375624153204251300199021822377
35641
54591271698969
06540
40502
95552049757672657189997275625225830237
74811811024625994807451219526014232
32315258957658973597093643696810019135
8809429685
106358751297984389577810513188575575525530
8135249804157025544841099117302638592651026219081
153610602923867
290666
042117081340
82773310987516545912712582487341404
11207665011
181346762064749
65164227973628129886632549962980462902434
07371
2912351548944
7036152119043523007592015864484431712663433
123069
95239971692215913344
918524809526529936441833587
2256067696436542966845224047296043740769641
27925211001202689847654113675204537141543046502
06263261609
1403268803931515077326530132
2084890011665919599338894430
730608817408860445325007
46215995676
4093833149640164673286558099055462875
39099370791521388234572332454
19685211137591
71558536555151649
3068475087685125781235717836163850060574
20317475006955580161723487228953825
43695
58375951316
575295826874221067387
954063502989513591160269394005
9017160166049907031030
121
24244203351
31519465541073103044766972502199392922307
5549814093658502490882497
9
1329885000847416192524649874462105182307672
574528716777
9896349751454
9506788037
8206497312065918352188520608242460
85808687301239439981762405902
8498635348737001743997702692239
05150286755123328113261392952
3520969649925
1997854
25064051741742573880278260558021498
953729
1079954061685222980064593259147402
16
682546591136189097
0453790227499569660043682546413239975
168700778336848002408188127853186450
64766382187
91316277488596
45
30914885953586659688564
543992551976787835
022014076312476363767718
9504
60639933704438636927102069940335595083898
01711987039097
19554048
1133531793770316191399370048496
1840282
9064432868832119697850965220677820097
1048503284216519531146693790427719060200910
7999570288
0065714706786954105904618727
351614500319483998455
982838
891193610117382410
83653371050214451600794089337455413287991
848219875736984607200955
460205391
9
96227752001385
3393835490456488
8351293052929593761516054089172
517060076259741307801
27528919201927449369063816672631773142027120211
86577997340008428090146817635664321294615
370792072279831590466619
1684011161602891652225
413
87934179
763752984977985064473822035335132733697273970
8137167859610202485937818420
244
493801775558269566293894358190218714885410753491
70524059916568447941581285524849299700960402
9029590198652121
9
04527261652131348598242728
276300056696244119
237894
792785087554220905349214167153837379175948964866
60613476028276136038281310069055
28824096808903
5409343702860814873925527309395403157094699679
78433522001
52566847713982925625038920806820184071128654
6337086608440206405303933519334751245130625
9910932069291084340931714066172346100776
100030774934931524967463285827546804049441
87777952537451614470
2499297942822
0
225566228345238122821518753778919802740205
675411714506104
300127619990127294487958999452
958
01956537481924
47205027672961010853582269560310
63425296639180
3040478386762432460267302204953414079764
4861745022
8013
5013301680
44980273580432465485317913
545
854299759837320909208034193
4938767109882449
031720616039911568939243439260669311134749
134291761
40394141247041113504440110116688869747737200
6091816109527745523442607761605094508434
59404
300611072021761876597943177894984617
711000992
4139763436482104601103177307396466
3
5426839171642469657398
503207089405
961
91609842710752618933
7884608240177212992206927862117479396547863
35815
1211697559663
296396339785137690388603263422152820299720
22627132276261
014434688286076326321007647
9439771142358233056843516117052245786750
64709111432081649
4590755
63693008188754969673778446079
05947
3
4586142376266736490734
0603090803866902984516388041661736707719
56288468
058186060358174502342959393142615257359
064038848050354775
51584670
437740320052783824116244199369607430652758920252
18472060
11837171671733127659109
23939743477
977211556736185057525
86
416275029809811956052913814289483782597585
06
0626404696288275872247975407480808397005
54550901834273275712950003395044638
07497553045957279101059258140
345526356274008519
13967389005643359706630844496029372379
08307167142746012108470396
0965342894174760885419282227754598
025318125173725925173166786424247034838
88861655394933442
95250560251754538454398893245
8854884020566585052497621768004536025888386
2153601281902201098103997655241636885
145
1673082432426939545
48887454937482752284416519169852279188279939254949
269561713430329266320979864134166573959179
091898215170130
53
943185036891253149583453740663177363417559
83434
10627408200245227781320177401865669
8711842380780307166546841127677424629226
6740760227126
8798090905620955920165831224442652227875
22011
68708299405
4537199241829
809366729177
80952983
5058780710613
35127041022843438796
15741191726457780711010917251075545
18226588152640448795184950996414534056581
13696088141581272278286007004476070331837980033
43526
76293703330555101643327187577661730166863399463
530199726
9
914406681090051287159935930169635100132656892
510546131643041004759233527832400
359616064320780465224424612086134399276885285
9062608880637924299744124742
10421437508051469482418230532053125493850
838858127560223770753028442499140319010571704016
316029424507075987360158941699053322393064757
11856442614184355001806357348197538
072980415361658278530188821193769882194525692
31620438395418476944056057
21838258918991891397360438783676112475
708361669238939744776138757487688168855656707267
00862440033533367045513693804285358906424424706
9512120896753558313828994141578222318686010
383779672014548
8879225114090859017694397219318
8325623308128456553631438698994138894406696897218
4879683
5130059541688727112338881
4760320225971643243377238323285151457492804803096
869099427
953198721649070398511101276907309241364
700385181700902025227949989704438762826123860504
21
5296976189228810042029711332103
087040249820437960906776091806948036987
11419196501675105446588825036780176158570
1425976857570111924007784253230033410753681784861
04841
1796121295914970517178072491188
122269
91956972967707
1
372928641365062402817422857670692526511809453
32423056862928426100685428216419066606350
71687646486336532921906097500