979289232
0126961
457640729560988751422375
19392193701856
227
8898200282515090047558374
8345644573470807781
4864591748
5140056956132619271154275
3044355378
65290981
885392662474
7860343
3152
8733624
5057624773609680549
305842341134762570
64307627447849831
112782477
396990740711482095
46773709
541732579
087346224929125673
421389836522458614
438130062473381836226333
494938
274022564
553488858010275
65761243434210463422
4542122896491590
982013659569751780307
75015127253885778872
4386052566230084760252317
914159626102230
734861288571435555
4715206576075791878810
36
6727753133682019896
5062925665873963459
69096170275872425
8022942540
6659089242768228214820535
069761963459282327
444711112
6
90212881732
620901425708
756479724238915
6
457863882826630484283228
6040983218
0
379652195972891830
424023210180733
71
40704114
058
89327145365902063308112
5104252784314601208343
50480
44918624792342886022607
45724486185467724997112
741613664287523387105463
614
6072747691427507611853047
5381651112
6814742
0954008119195004780618024
7102676140
7
8473358
9580479474200116000
6927812844862313493691
982813418
1598
45
6101608785206048033554
659632820
3670855392225144805
8
694015863886
3180
385821584847066137356404
159618748591525
674728779
90989
40559526668496
792887307863179168423
94721093
801629650
63417478226745
80420605238744875904240
8766239311920443490926876
0897271796003
718
91037713111727
4
9319128187408050790160933
94447917944142967374363
900478503820
015
23306121730076125809
08933788535497292439
762466
8773895772411
5429613844936
5820904
6390053
5858617868679126536906
598
2922674608753985163
76438362298481973698
0000213899144024894477
4930593986277562809
028674534523607
308144360929443
34488587769361068271095
8910295309333
7575664358
6026035052902588517
719458945506387999993
7799828468
5523882734732717938604
518589
7675546145974416
08002290
62716
05881176991232105716
593490
610531
58
7667075810030982476
14341777588
3794555531182770258128
46672398264066807
297458533323041
120975353032636
342
4607580388481385
016963589011906
5238553307621640013668
832233942505837110
10350365377
4536415622
89
886
3344
11337245817716
59736013666
82121031456102687848
8707
735189673114537370933424
4
7791562115975004778
699023791425576992656022
171840950
30807
2997177050218
96192128216291529
40
79632123592577228227
2556640
108
390837633
31891704734590849
86533537294
248
4344385376052
5278
23493597796065
4002735273742
883
231035217509034381045742
90124957528496186050
8574218134054279954
073657436
6557834275868125577869
76497
5740968898683
9345
9828885721
77444575722360
21526401
77731216640
32205635459432543
313
20100910846159121534598
016191161082
51392772998788188
65409335736433333415
610111010
2206740576866463
397965907
9733943041
1068132741340821041
017160953386
45776221237202972163
242501488234
7817551729958
32914
701704101965
17509386174
1
25240317340244430
046781380
926816557819740733170
281522668336154432488
00150805349731192
8
895823844159
354891126470403366934656
272312080388529849
5064595295609768345
7489307997735198368363
4466998419401751207315
6607928034
64740047890097
6
85
81554088
50392430
6682
59674740915
2814332439087673756818321
0218171
1242202461754903662
7841808815
1455787132144726109418
62548025435149
529628420224973271097
363611240242114
5
0839044647
80
784146400800273350119821
689242106
54090069212312
15614440884039
8700260943437576818230975
15892495690379949
313205383670
026040
048409858031421561174
772533269
917666590
442167876050451659233
9174
5258122641
374569461
1578920
51
8023905005650
7
64488383932410
47039941084460731558
5
7421911633408239319762469
391817170415
00289637636474
64014906173
62
071490636646414109738321
23154532694341580669
0066742777040967
03105848497682565118163
5428835389808339153153341
866853
72078004448
994406480404980
711806
98002693343393385194446
848809536199810816151615
569254180
328777646
22844058356051
9518365688050174
58041324635020
2921590985832615
190522483405645056
5616777036215876762550273
9096401095
354738
8395662823337035365126
90
708389145466753306229
877
6095795070882034388890983
49415486740213389
62934000442751556
7230
53955065
47998785330896249838877
0760158735857649
109201981
333071
721124100313221313
047
452879709921171
9
5
85481
8949184047649
039524552967
106
7
2815685772206400
9855861671448062
71958529792528036706638
460010429352876682731
733
03184065
317374790292924436442661
4341474
6637226908375845
878108943851336424156
17536193
0807224601255650
4
706891009450825
4249379768
7665
185871
87203427069523827
068966619882867692
5488927125
2
526716688575771983101532
3
848835260
0850813132614376660176
030
52153604808
283702240697022399
70899149324295052600057
762716269349528648
40489
5
359893381
2918650109857958998
2349308342822361054043
507289
0853
2273527676052553045002916
52239333
3183613200792990031454066
863590909975702254
75451
0198666348746152604
26437139
715415
418889470
24329964452271684
498554
3261771560170596807557393
2682713960244069454
21427353002033845
9578381939323434331781681
5
3168702886480421246690292
0850071081051343295
2
23965202573826627287
4067
443089690737217812216861
422846552544040258744362
293449333581691467007
78
16405480769164552133433
4429
88304123509164786775
61756180792307790
3209278181270740592661605
5487458995204461
34338216278468977
890975719880
569
8898
127345102997585947368
9
45719761190245
9451145280
57943
770617389989391975711
436
01547548604
61684662734178575
79
479110
274478
175677675465344217058718
350223800933228
4470945078
11944127
7650115922122134886250036
32917306675947
59026240708725278
46
0910969918233123364310848
64785462889354
094