8
50880477195267674
982882590552184835461259538617937831659988254
12708491958391140293197441114124439735305789690763
04862620
04543072574664516411899
531520069660493786757091534627789020
66327287558791772596
084317048636336834
71334235670
5364647751635978525568722673548248711379810961
8588497635540897842734451097396888771
45825294489368
6619852037
166495411265
703103389080396465048474976122981287
751365032989973589471849039662505968296168
44087834483868321290859610240643331
8332537146285548959269455704364443334015326018327
4230061825900897825566994103362784311752053831
631732881748301217474
9169595040076722
2480361579334991546866388538730642986532224474
4122472
09359050394702181905831982191
885850610950662115568007538144981560632556
30602648796431907591
13550238321931737939181044738
317208
52496864280289663446377026
414685815669029351
78945981998
11268959601326
404407130071552349479987723393857936321456580366
82005911944184480
705435556850978652475048687685048128
6398946129159120823619344
67648
2718134679398977217478619089
9435283105
48049909098
24078524855114671289266026490055167819743
301003695986864326414707600510693263
269789005405
43869476212640272
98447693
45135964859676752604489545128534833646
66258121675786610680
655736930175504721
790488939997389702559365036088527421473437618
265315
20629082199102
542478503116735298444905912
595912670936092903818545361758
8575446884762984115436214069604096686557718
8442450732070808411722295155
4527
4622967597788000295985091903328088087
4627619910683
43020162828827482183409440277348416274610
4845713631515624
3345814083503431284479195660
955165649793243763897646935277795487721726686946
59925013
229282526095
26603061073337728801015762127
1017723136777101310951289
34271248321052985721274670702664848728931872
5123089758984276
77416353174046654914794776200912714848986160749311
95119068860532886
475723229721335024938596666684614
734367341071356252880056526476
65920
3530935509
909386
03205
36242922532907
6013600648503217923086204044
196824038889680471853835117875977703645219276244
574465744221087865470313939829039527669763057269
446555316233424970
404046134309151747
341603009950081994839065986915402132995507
631654612261032
063228949
152755963021925464783427986793233
626521805043149753994757294492551
90302793594
04718578638974728792587687898472938620043883369
55835745972890653196783773616
822940612016260258686000938562032876
8827402619914392730020005394780520
91638111672958495891859683268164124563885184710
06870650419125849392860827557
3093163178519
460279067811830345521021715345611884239730755786
39838514545132279764086436088876962191997031490
610231133295
236906732607390116100
5631962435067
75095169907
94048928648001738412634971668932707593440002762910
0287696180190089410815632768
594298067215595852643
778882
4945997221691837021454873349760
469955842603083349672218032846030613
878546561921859777381109226
2421
7398215004497
39818868527713108700479200817140138024848185
445946440526341068964117322424827456649786377559
293151602808601030918400023919772375
8624
76516489874777421291
657
343461721048223417379792389316976779005988
45808618474476678445604141531290
90232272768704
3780828286877
33361897840786678021372769435978650329577988990653
237498783538385033
0631333471325339092743239
2939210135764
671317120603087831301183695032954659128626085
6626341879143936938543808735995616995742066
343531517665750365817
08949967066815153675951254984642880403072485
0179210906128390817265677556805678507231729
657
6222933714010606643131910611019
552312912672486643
001431741
03880727
1310521137344096944071054287318
51738
915858854459538305761617316254
88421624024750396023508699894395671958748
3
170378880427620413074876080658265538957
408378832849121436743011172590855684014
45133694747942214737534396269482768977199
8620832508193790830
66554513085432
746192705570622926816583347587530882972756
0
291254704280880592526951021662266
6825131271273242762463862189776819905657081
284213236747019101349222431
01965121700161553866474439776011773214
6658331562899110887403552165
98467463499894801101317708871
0
91781922665763020099995650
6165756743032501369
8690317153585911647194754425491839114136008001
60309
507280315839
91049658904659797738627865946827
4270970866418822757092775197
391674482120984847
37846477876897077126157
2
6257467186232069736171760304938051105182
75566494371
0712417041
618543631809670045504327
9409883979875577557968757112920365704242016446
14604
38882418
030259746508664003182123292175252901510563848679
3725035329571052566391497933273994
932132887416167100862737177001288568833
993917076028998
096238515096550957490937317822549834813171534
245800422231241854230880532843396531974146311
9670092
2688974275239905595691734307743677826973159854
236741445434862380644002725411950575362096965493
095
9899976756889075225848142712235045233
88170943777
063429604885550773259
317223169366767
28866462613631965712318
29775724763270171096488116761014
59880026289239798325180405039339
8137652429562300019
57780835109
809264590237483572042740358012051461674730
040117223604379215114600881546
05062559471889191456069808810237563596473759353919
11
3
444241190123195117508078890462090
36920271930040178210128723222
385897603042240727434837723368675662
217586
61765378
7936481959473150233513057868460
06364420851234654651158
0374
228241335
991427258937161
519
235174582827472754672216697394562270352212786
11363090914028650139961258696062367
23087859367100089341129956035038691
2475911407477
858598
7554390054696617371133076275156991073018
45008466
595842328
518842481505348137
63783218930296761129359
91072699
71046147970105781598208449
515874605
98399440044950430411464371917473764695192942149862
9901231595778329659669424632667476753061430293
1658118434735236463222789397952418953506633649567
356084161091956962670549735255733360630464291
54838990983282663691184088558288838275
364715020497356276801390768952231911282829318080
94647526773382747171518478
4917591076253392489944310029462345727
759291173192593279
5443445028682805529456772491202296526
506584847379177527698638117950467586753615
45615
683587272295705758721615242450629911650972617606
307328
40050823203638588
83
464
01716228672134509098827961
88004924218520657
0149428125060227
59478217872107275206538209093175772
2
80853877900896
5516748474659404668457422
306436695994280390853
7
33208052258390947603576743
1086857930402533521710
5792952845627085751160398907
4
106821682639426239537884
8749512389909373466669016623861287428309467335155
394213826571776112890805152432285781
868095134423505
976710509654443345447314161872662865189
02477816046872610468931665809698291566017
3922503418
52195732341280344346210525799897610
59226663877687967959
864127332886620843218188474729592154190015165884
47531207770489690852233109041318220348301786
6510293055948619399921163449239438764723996
423
38867810926524
96710928544719772282657327
620145505713091155362
403349097812097195012435774591797961534
675975649631491414012534674804
59002738894356395152004271556220500030804600410877
66367615571506938826359371
95027922819945012617569424
64148811268544
96230564285158883305
38129738487661546094541268456748359814613963466
2158025635660
03325
4921679289181635435330293055462779060
409775260307053703713811
533795058253173324
9726436
88053514028998517960854
53016714734779458710532442167914
41111351388257678839040391028277
44012429957237042872703454242990358
13722272005502775121
4465314321209625623173599
429695376655602624248944254078387
338503101735822210587541
73690268298508729
08097
56
7832607884308320956590567939246854095384871393262
212054115652138256424077133244888
121704873563279593557348430155535
24502272468019788557603134
314863253871744520031614964580
042507474818
349816378916313977113257190558430
02109131159037096007613845943454215587252
366411077919
6401394212050443871454
52167057405454
9033517944494433818190005981390499699202499730758
17
8205960818630540217674690832652367
8773426364990185
475893509411395566280092
4561128923269119535244158007645557002
1018234083101760405656757656444325650204351984600
6790616315760580536631982116760131258321920706
197794455719911
4193975113495574609833573716
633081110087338357
54432212866217888602699520893160417992275916903990
49029905714473194372146428
4891909622782341876436192908261626047
112854099
7907752724
1292872
365556524952418573178791911541312540013674678899
4614889946792173609704198857843403459752107
248883271674701457122734509851
0
4786257118460239249205698846151833683097967430
4840217848
769482
736
307477442565309164613931452953211856674342
0288128670590906604416210440095236018673
14617580935381611925
2
1937494542384553487875
35397730
93498866582065535960796946951587632904837076
54512725322105184
574202115752551997417
110
94872613104014204647118
01599766949431098425678290
3448820446074469239950596
337011
73
2591173863046564232688172185560
77275834908474962540250792
13304925
254968000937300421128
337589
54286398276922095220765689237060997054315043110
96352318222731411167475624498917567041737130
362248937317174
375202332873057035489700
7929941963401514188405342
9608917576430252247843639
272
07465217754325
41407853975660767890376593512983919867605859009
776219225747998434824293610054845690458324340748
5089592055954176099383464193
143965023855
189535247897098
123438769808674154359883551773
9417698363147535792773003634784359463370572
52101478663436560612881126
67186807388866601829031832374751162223488
44233873641400123111296618759649
3457857052236959024184
90266690904023030765530568713446640228887694790766
10229258454886255288477467143137708337139086
01599408460391560962475835256787143263530
20010410143038493271311
9860
9483534
5943533789170277426559481074171847029132215532
58808145763446282878375344992361098610142180995710
02852148473069116052566806256366693
29632619513430025019313733757546487367944616143600
7831984146986465368922812296768441489354
59726046129122676560169579
40028079599100859
49623
8249009798475324887692551317325
63819936352371448136450638567616
12863468361302087779595762486927999450009679
24710676094137200081
9982428232765827729356031003779777323003174430784
73960937797
27632233347394431703497
56461057732798
86918294714531528537047587530369898362793426134162
150374983259463607
88162932960899020
5210343560167874515
1942765242985330094763214446110423057632719525
2111
750134563896292455263941
48379932370220060507063960931699779
923989852891707863250762070439349715977215449244
24293263236400933220460
76865390313369531894799047540948911162404233
3547731136915130
1895640441610254413673176119361