008293986724091022201575671265984314449016106498891263447856425142744130832
0801283233903296061041543342202516
8299800555501311006793587228251858303423790
78013931
87383477983298376777719144173623360346882432345381460017961623607697949679201
415952955939557095
968928580417821682884295884100108516317
08350996012261467440509645843690663731641153431833051230875834306506118743540204631081
690785882808681631333908063792935343991735974300761
192903099859528322764046297824560545805377
2357
747509945
926582535653157807089528274342230
24715856846328655413290143624970475560598468901338682458055225868742
23298830826871425672179058232317186273306645158442241211018120
2814875555
2938592110697026302992654093974920379629320927967373262149411669133461147689
5565636182719205675415456418805954230168748586921955731987215247244364246832
77048800255587958650721474718616977503846760029733073354891185931650527201022825081705779208983695
28136535236594060659080485378460307240128239940100081160721045
03970615007177037759751742
115248352942068756782304106724391735075725150034237931962616388182814720085910870724306820
052012169784574815687073565137354224494205778093633274860147415786592915277539
77072694369938657050697376922251891955401874774332243209371926104557557019186424804348
11846122716956863
6402775724621943346281623230653056893880830570489616503567992003355273885
4911942386837626148044860738522882491185130507279522222942918558453111907577
69285926076677996538921508207226
4046228591109703727041569453071081289
32530047230168749028333109904851259377
6052327395280236650728086830553492726828594889792748521
2263151562873488498279820025090647519302061
41165213086331834581784673914227648098986057437386101135210737516042770759404969076076771
5491626425952208348713076529058905087238066913341262002395009
51290413093933095432259671774716127094325587461272327898438773110905122801090661432347855283246
822527703268200
53917345859716518278453305
70905452259475081445
05554777173573964578429151776618194630126172050484302682458157998739320689
20635881516456558600278514087466075807154308548390
73572115440756908743414245628015949665711777466781376842619609530867670825
6689047966866445180248825123632454401109485
94082867710115124828576541961207658609197277014405071099974360178
600885566098128162005174767963253874923476455631
330
4056532825183407021310698862595606705359323114898661227877326
9453861179713830012319319403701195517634191580520343391339642689045181923767668
9427911712487729712919558355970770097813358962559161235258560539317398731081910720057387
0199
34
841812048333548889388005647227088297904634213035516242588671999993031190132169569265338
16810645841081148509744134684913175462753682703943
25280584044519381732267292182040389665102485159976469646815039676
120586481738878323874576337933585626969253402810913717300313856
457468525089544515
8636448692693978744439639
75202368137322596470807818381937069387863166405640929867
31120719147358741636003
729464430797848828804136094275106767
85921417250058176366067414580
990667219154042356309836271317956753532178485593120849
8617879474666
863485783306504776262579813729092578869874946
101221711759249290110472385355965640424861945289425862931681873009004075567543514
12272249394071593325927598431762121281241293713298454916122920012041596742590740605204
229132319400457841985
11297198960654536613
947817046161105332177428360661399740445365418071539877741805201345103
180638
5671457670417540338313940509739351603817002379648980257732863525473994103391343451461
7183667298744281906438
99688776709939474003281490675517437027
55692223225313790737899819082262636216436852496109627046284560356672545939816322450530005655848
266164267
635048527512894143612525292205764829153302744065
1594010537281224924249211254256990256805
312157208611292912261215938150756563470906812087193448823354094554046539579731115608062524992958954
74698701918827147
827
26714
371241515756
678228531790065562774070910432977565645211110237333091903795141192
1048373570029824615567024027274355416609
5997812616150365530429511286616720023842322296
7558643193818203108882105670610581949840730050621292401504278526425385083790663187237
255393403015112824668732063475696
554541695121519996242837120560609336235
5480
79029152692123212012494
41576325147194948464539822510
22212104
620749967955274745478705673456359278273253225490449
90310304786324586739694283783519382583005699038
708630871055982478786546283579925902282613012362317
823052128482792608103138317220714929926623139574092126156333288564850362450125160509
87787713593
7447486519210267656442003742539895656217
793761664223011086497236898818
75176351573294086337201183829799039296290527899134374667817183450130879479060
824045368417989072150475159814035712857684597138632966861032384631968844524
111669067730432055
446229707276523362152605916720079127459956518
9092230758681388105437811746590500373220429946584235722989657060121620540437386157701495200985
19240241937
2016486325020542572469209821352
7683038403329511005478936340960477733956920280273653688471867302155800612
071521281422622850100859253047846586817318329780180091874853
361510264434661333784345200308029855457746814026607692539238937386552152863990065186710431589688
27331775779785286108810724564339741288430937792128790738439140393578123042557470375558055552973
30999240549230966274344162451993362691
6865980233636304697054106291558165989977
448501970811092222686507155
270561515672246405710147408203200
88243
29283105362248287318106382186133677032808622653750751841652358563454391971108003
494073631593454336709382396647215974682431391511191332893005494645257752813558049941389543198490
1769900907942712395070182910637886994299005538040523573086475289983054560405917353145295854569155
945745398414334090581267484176168137961767463034976367820980
438
84007853692164761884723
1204944216191
23731688279560979538768205134547692052
16249940267580140025053936
9050254473274853757487316897721774315893964419047885584321493288922
9008165537527112475709264480555590649748651254185666893325392572366128683341944758111949088558778
701319514822625007654275177154787244802602912824187471081856804218038413495
17237583182794054157189934462681224758491139706337467378427018268944
88504508203246847587982522278027418812303660316446989
77012
17718949346
84633483310524450549525333722791453711002828681646038548601245
48032622813562216333366950675025037309582117787185418258527516122357066820410
01786873650940527531617044903955430693484143529932530343479746414882655961421096
708377344269827284048442
7989102865034921826988
1324500712692652976239944331846625369965140872703648364885393513175564192774898943615382149
9392513300582954614801371119439682
4614989602390948212477856161306370913677043300
834759045941332875269059784026223790667425785694708983430882512262168200734
1828634988399482679348101243639369514531243366755070668343900967212446125816877913489989806
00386774753107252527741
9564457604359665449776115
401
3529092638143088737618795579854054621216601646018008181620480985840825701733256341322
9842189869718870909151273980234687
0901116758493373544356974617584849099030135134592694580403219848005708575283030287537214499869186984
70053533558073752843295669926543880228782363513327
2757133791348285895502237066947739764043392816982025429287384208504987158365694142701
707202469109706982331185118471640068
7428231310173684289325697951640887613719093669073064893079165094864132940
802056537087165452448135606989327830
2965369429285037006709755782433516300247638940372729875498653255014538398
91914148
1
00430430616139899690668380
64448798539120172544804588513107407760848499340258675163273671159148057792905248405494684316
59434624205221665313353986156389650
17322747286970840642177345700218047811
358394
584615235
0
2266595925008533830023436337730048625027630965847908375053903687974782839460016943593838
6718602796290021271720342281754185410604158999259731664262853469
1026810398413438630268031624364130356781917137414693511204930576008519602912952534998328
290287364432802892723894320234384658333534245234147616428
019142994341356021581411639618591485160510001
301478405531822486418501091871
868268881972713406312526306230122433597672300945840649788311202770
2253169149243765934100763503699999709876524491695053237727588148
0756461531219414880503918536251777290093070898177391854284806
8706119472808739719708737871190133685122700
10781975411958511911120215491256663298301
414039960633431632395791511167027796642695758181779916384292508003397792883783322053060122
47812282767587872342660618461619718002083803291377832743618195168910162013684762493237112
36339294366948164973890797519908604
166664180388458465258374593031479951183249157843586816103225716
649891606691310015789670506056717362465319130956
55545402980292426564222552929616255
4275434
899365064156408
7393162282889914755000874986881775794357073776865704454037175897847
815176806958973470481406464147234633391
35769440890818980338184802281186710484739543115552051110023968469443036561960895177830
26997781654313290960882
437975360558354287661839739154388345535191697566634511139429233002557502
2722486747714720723193944070306878338700317130678513024549187115038664602719
3966004753325092513503448557185120399092705159436739551954311
44822662389518349922223807464530454249036716186405186166317978836332881897480486049716
77644165935432102083232182741110774415594726953317923673007311809914318
07164371782638301267232059016674
8446464658739801447009426952278658353572295407718105921504396155453309656250474914214540
78350933752172289562057340115083501431762102994584086965318212384703166
113092168154411482170670174315318181449352510814059539367515054713877678551746074856427384094494
5058978852610006
318025816849050256328951616596662593336424605728648420621376992366690055071357186862026899277
431042721496595466633958436712511175307550239827401173819356627587771723735750587566904162
07133180850453693756975909435054796112701620168887888147496184461206369352956627776452572864
22546407173975827758294381537779310556910525
704
25344798752050069276609097648053458415595973301521421760967408310642966923115
10939313797973900423807090532739730
0173337596121717355319255470956774913998765659318790529113153313326156469593683195245844262146600
837673933862085190255561412936989234264482831625311683220665682630723250899
00385876773144499098019202502989222
608113676219717526344281664485690089848346650856834048172550895
4126715988828211450240781167032353830496769404610022232235266
486647897532035895643060783214487167730625764029480312115742625519065321483377
20146466665393454211640320
7118243812284870636663674070073516866246742145585548
245986453376164062913415234005909588672
58735089314711354390680161723201724150733
228447955455032745949455890840777000245795064054793206168766916434941327285563464629530917292831831
219077145904455621776275814592936088658117731706436168066104297443600208623007182
236661951198588094076341608848
3171004704876920780356720741397703285384452647586171275747908908736696799741296573154
931964511192597364997884686830536317220921340707318570643200347201955
03617360
9526264110851
6995320501443475367488959394344
08933521146452705
37890423082
08225658544833630044804900805034286162201973
8112759561473072569036
77396995073530626054549686218694946709810441386979421588013813972731741133429277571494394493
99300141383569895578392351373508655820617
698994075811206042066895675945109579456137007087778961621756923724177366902379064247557427527815
342068078532484229598356478733443860
331729990406344774551037551028150729461949824150
1383615938470906421216151664137447905388349403169311841215600780525
3454463736627218040726068758109577
5
8677214891580425600644015910135003893300013158161477385051546971609113877437355840847377707734
9664925239755900432685060287495103665274856969296247514492
9924684671890
869282527835476692388942862805701472258900355774203787994099007381174481503051240194
0147742250
6973097137082014507658448696140810178594
3648578976163727315098870664423809321173544296223482427257
5352177642085085671
6864887938179679989875247525349314013
20513448766061765
0144041551686386595475393083180689485359481
6616078998524851920843768388347031
534809710191360753877849481951
8109479895244998642371380963833524629806844843459283868770611270533850668166004398719513519415
2167443341548756879707650724167865427977916294870137831329360016525857925822
1024071226112729315387059564458060926176166185423357939574566626223776235250
921126620026792872
886682787402795249992880798
223978553258037071658862771656408869267867266322683898112
4444892444717011538504486362
510005010592305761461783924466656881129942697183189074611829762354273958890024258491081642238691507
92565
2450194652966103921974385886798863009228
34724155282936980434364605926583986715926846548718639361512875620788748165166056980653
18
37954927310956076497776011192670414320981533648536057193437598311510694422679630809067793
7246428170550277605573486178820978974510185
9093298163675268965295328
6581063572476427779431894018172
980794604662114752485883774205661648237061961186325060143303211
6385191513435791644045089006438682965632550787135094
763218461247699392066622666527542417226811949774591424410090029929808375300331982929435308409795
8375698035429339615491154454877055279292928666840
184
4392756874749154539367582193559213992951443150370267582887552750177709
46614891192218966364996690316583246
95282215827277274750633261163723631684622271169891568222401832909288850078
717936331367246282040656284713704886906128713248703
42675
92432001045850160598752382851990918054182940055021207530
69066227020132043976874
3071018782
363909496498528302199270424571067105749111868392511732568233548387985
804841901268544434220959146428804245238032695848442172744
5723092672448300572562434140746859395539
1817525699988526468303571052523778362577527879651973379026087866592247
6958666240850793442333494992257071146134763036209582324596388716386431486783
146230625356697587937584072521508362081497349129822038612406832771436263591475087787824
1365657527578802474576870372436300103411446497162143019353850230004990434390442672176
47609810006492328568625
5510261739973987321404721251053184521130651572898528643334560297677755958901344
267908645203554634589177090724150253261503666304351856235519834189977
91210996056748146930218985109249465911579339642957813885103280958093321139673158099
03640675614475796860722605437944755907865387965892635338418130613934602582
96
1122379996646661548291472985529916932
1162684778651678168
2637084299356478026854462083260807026847985934299161634884564678023160280744974659267580
53382812075531415491647067104888102707083992724232677098158083935
2658566564372295675207557644880256842079882335032327481745155053460477778298216496507
14227182589095221705811094600427564467780427149417064720949
1448544484865650442006979211656271990456471961223776668772460694051393425400349
4828715380520156626868866122809233664772574
7406668100717884856042376872503038796122
065433815536421859469316119735031241720805434992770031170572366
745022980695136
04401808511304870085014559607926019536394044071933761842039068656610600311675857366868344697
150930134183182181502725060685200112876570822779141257946484190979967774
4975800492093625385492137799561830837922494827539
5927011389861330698620724431684
6491817427608019567764024210223660340369741083759022925474660531
23831865417535970534684598521056447377887895
40166367891531250723487821715587699393288049297493780612919369923899159007057
982260485763932203771910576226049520996380
34801307603686394434435334973775078184324941250874927224
845620577545104603070072161848253903916691740454829116471447454871432
304511745925609483140356295005497628899445641396
1480412747587132356070549701347339547411625566524299730601180173406688313192972288202648
890
180257888290535750916640987
952203929745064820293729046244625945434407385672209591543552747720134
34467641429721500197409140102940247562
520227634342598603532659392144451940516389
06023295674323360609247057566225368
9575533849896344771369998670403
23967445942962255133480402910836403066518372298652784
834336568644664255637051838816401825692423723893992108593132735928660848327378950360639504642114066
924059027924527422598090740478722560620951616135351124222931259213791112024336185931783310
049218436581795903131575515634446778803143969625469169259
9796681306533754788622481256526770562
818115532905232095250354872902087926466970421630333973307296242
93589632092171801511197806204022850212950840054888895872246188599923803590
692140901191164426758028239164726837780912532370
4741191272333568802383385
34794610777373199448429169718240216943524528757621845332397235654
606123569859389020648908359156441178259628315210372539634088488880136122918970
7985951007303097646343572276342954256892946742025449193233470295241668212536243453839457
26126058448962253036219230406772231635053204474146264014078002666170310020379615
065312256152560255452
885766678479183539621649701595761355545739931179960043693600000496649954348710523041487
0621192696286423228057297434731902927272558184760
92009992632585449532083659610168330224485972680984462110233703968296469735589
9308650138954134770815157734622889412191690149919698050409619509078593588329135547186492
519125002198670894536522011456932695367
1317994791215580580563231
348647517232497087998219
1395471008787284468717791332931852501932949604367667591808706167
885413930924385373305850647292718188234498341512854209967207871479791993374720014279138163944250554
1172963212
110807923718167660919959555433567300810104693590418748701202819690621597225064746455721026559
62430782272686429455437328647460753977400264324181995497092040848204996765789607722999
04515185813120757476092317395316638706173
915431135591036795308666100051304886590528568236313574499517831671149707
75705285772383056754579844616164708723882044106786190843720872009097542646097557
360122083907376600
648810190605671675387504686732503766487974007499939921803954686103386781
3520034585769282354267503800976735652486888924489979087118681758131
789814818039272315409274453740122293432417148183125688672279792532100522
55388021636442607859
549900874865253490102655123387777191123027223606619789598223988398634186708425426324918654
609901559270310058091593967
520921575944019307976
821428961007955024181940078126726335265861533055008106168873979820671057
57399897904917627354786202832585377673267861155
3062643091881755816664308211649410684408497959552179480836453246864571651805853551554767227
1391479340556851601432749081892643115642768729809013393684048843217192120669448215176858975
02043029985963729216925446327
74980581284245597971
13662458168172197189306638270120
891456196008677733647714599223789836994439408943163158906517154151973838331926039
9060552021871747988381884720118798716821176410888150779
96605363051
47262991139459603440453
7922723307118
3796820286838206534322816753
36204499523775699947897274057092908815456429880
361735984795715432256435507494208984390133222582015239308937841064945599
83991835602345275120336459194791466474
3849518059405607127582736316103260461921523570078848096821329958774
21201250475292741704101647493
658497518549866
6437679752748773450733514226123916715821233
156840286550788126586131443367531066669922255989796275245073674059274233635157237286541336064440
8137258954532941356827165616078
88748824183782012991200949148094276926756288
4019696897187721648277777583
6464653779048102254
221486536030056029067303983427738564918
1098505260
71476193960756601682998461512964835435720031586
24121499978947039910681855380489504967953277326464257263
31167158855604386293512963261059590201996094958559556190174822859378
0050608076937766481296
180790617902431926084674150266469290040797040415021633637607195231507535275847326313
075164999871769279108497259937218243566087300565933682253817303233691529082380
8470584689862514
103531378661167
674845675630
5757532806045507743300009
0130837937016104157720171975669236727538731
38494938784165856449147114960634670497888621734554377553913227463335577188
22794519670752879950034717348347821672423880935863
609097126571
4710268534508529996151145164721017000
5729979819390
030282023139999880315812301710546584394532268428982861662197114508212245623
72563311202306
12136169518596304077970348448288956828
66496381551587301956407743764838395461309620101514315192537745862125345508407236174807333068
72326034789767419005951495577089255
5876204649780585104675722417750993716144206417480949358006091581995298447624500206883303242
56052375749824367138049218917905307373961755
48158415
1864523876855426285106965415241378142
07421006161750293733461534280614151690382569457321338763430375727143537856150785132438
370017709564546106760028
7322076
63288912770458816476835612042269519254544039037244365480230330710896970942331676589008990265249
8512682007
882483522247552110504165931642379262763321841011688637993616
889860277865691123451118691692153156921082
8960643640428318672766685494141983199230798427741083487201696214
70660958546426285640719309550211891067760791211597031343467363603867831802071457352731129814
35202589759916114331628367826607484108263000
45046635170632746685019323066
7813941
0843286702807606813380625013969703236875438574447112840320123278312126
05511749840484505832897457228927659248198590235970254042463973282174968771598039
14398208889360218403541955485
357020488569691733245444619216186362
87931849239569861513391335
04758979689967810081240884867333873489540716
318911756149412148771193058659191875505050781907926593599056080174
080588517674925241514160712899060917003891886821126147964238
81640316488768643612685314041080808
98330429048022599376415433624521149353558683347
22516595647402812604910734623013708253657794277086019592374386
63563046391222192760802127201532328661833443598777299508
4961680144227958498398508822794770082933821352041800516191064243536433826466185028370
6651433940406244550332948396135514097300547970247766520
468991903573605930897366909749244442418981604922278712036519780122
555730210659809946617483655493198395128766658168206775256709767508863070304306453025711
07132567470844781450632036646556675454283932977337387117579469842905557
874062148494056648362792496052854756303
083204980163396254973282571101195964320333223769128813
51491010576786540822297875173500712536358766836010807042871557631309079021076
1827630240257457668320915673946996612792026551855269
779
9699157448765747613890078
774148523595470886105961361
086223461411355369926576137906615307857872
43308504375345528406516625962295140890752202086201753245194268042766004742908667804594220142351
1583070585409932129547170826000071225212
43785280854740121859752048432221096068955987942552956647308156741435998321682305480065708823277
53657614926548201059234519935407096472348194198848649314013766132113052
5320258720000820126543840193393540940807115491504026505708620121511016971723599241286409830843057538
603320154935487580935543366025022849
354220126739657356364915065
290296228673532869527519990450675153725597128558187
78486226511392443819535239986635922619765628784633028302125
303243549943224954844355496647031019152202459921816358
0178059072
696846306452573909227866198417984881483926558624021115424986907187858338710728
025323620053976483164989
6733422799681278714197323579352914328155197513169514562820094757044086195771
849109326993472521401606085147711302901440732910497036492285022075564448017458949536453
9325890918130148919366260
2592708219364884649608024285189869473249030089357
564000879409189914487197665394642223794742564701642371244
486927459705639292387953489848234632301207731415724396170678616695226
523391718887420325446695266686202671192534297963989340032591133129151
3253311990595860382549153928998557478536
9846991244561190795554771
318957640233275193873811762274161576140703117149994394458790865586741598973283730521019
48237271426033846138372757418343238650508479291782200199767288687902
6935251512975614243012532549681258996676840209455170419454338922
1041590647833619435349351792599604828091566490162257615663003576472055488
2752480440809454310171198607713261216200156412449485312670004042252
94212567459763347690919951421452
6854860478930248111550526190166712098938706768
08130896417860668488656
636849226603136472841051952637355264527563653277113591180295455422544179
21749384908552186116587362129081503748517952307698993413916070001089772
1706428578963642817
5100837290475147697409184130905312552984540556023321461195099572848112783455936295355132460
5990744174177926634997
392173129474911634
759963767411531566442812852496309175541
4492165111671340900158855699550125324241349
6146544403530045213190963013332194420516358985654292851681664002
7107079703874688258953566613235812637262699126317053133415
301213748814541965494505499956727497643860518034575812030826028
8365745
4366031872284972508356439548924866170307285269596914
56582275567852920204641100
79736124227067830122190727914091173282431836239574
91676007
2109441463782911946687381917478734562534537857869516145246151282648
57647260016186782891763544634616076685461333649031906176387380845810947089650334663459586669248
685666414288252445662998609570778812406715561884231634948309187791666237047015249465340
7273022998057892019920405105827646638978
01886623313736364520648
49360582952498286355366199297427229249428781573975798233895250485610031255651866784857560723596
292802051073592050433515729886543288918028455225113946888293768080031808207
56498288961669064776944835164
7861761885988353824535746384969087800375043537948707638876561
61771049221327031982154719798993188008650553796318739540336639214832022758
1373987028760197969336265044425881087568131138785686275555645998177019408335
85712976898491822269873284357183222831
53148409274232677397633642446341989598789554963342488454084675851411368110878240338
212779160115646482026282673763226788809361133583
467957185583952022250083156790430824319021319
487063731177658
938914773863745858803550584892294849631225943905059178109993194869676427123890049
66252549257920549624844734888527538691759817885290252
2214371473307312185765182602487860871994
390641810048732440372828
439138127730262266221818041266061884241
944389484
42239801
936793691249511342106052829737158119449257789745805733646734885193465162620315948358
280135583460673649703480828012127860235826379161161406131506390519239287270585076718108885
74
0124669785761795846386765971308338576926543985
94015572381026975771176646731665976303274567932896546
79568626845448204831223626213958460709591790039200254930964695187452335320856817115220473206125310
903946317471311822370561256614278175457343355308214611335
34
702723169683697746833999
15420111004989780661852739001766600
026509070134889767599907570034087396894998497774555524063075373365920443908811
9310591074978526012729536718390848390307659150253134
73780834938006810477100267438038859044120076274620282183140737401902120760823641519493
73142987008119716796362281329637082846480
44186722562024769205085822
847374817082288035167938213493594213718197050757438345
07004163548171637252367335420
926981392961016790124946719132872247094178431284966801741394698837787226925020076025506382925000
4762153155563092609150383994150647565113174124821610924969046596502339562064314042700300
7666675343072518192472247958883831238854911135232726268
45504791417235051605673638617264593849691741194400074265396
61208584104439877072219079918954461581616104809945885707356726136
2304228302754245209917566004157059353120129012131529243
1903507541130963530066667670619223229496502976245496066472
5261976208765017536949372391703137842600730987028035209560275889628733101405200747465876827894
5771
38114275001877754094826828537993290331777382217441381091159994776191407283137387250843508678
0339865649723844321760940337134837699350682709929325379194443
124815136907683189563699657798784140155094250589403422266905257214959678591188884309
18454078945011330363649287172824889292946202013
701299592602476515359102042986490015591923495373767644809646588357117782858163616
22397784614378359226973919782061230739482093165135238208416729605931440448040894087
56681215156522931589806119339240369797275737207510284
1459977210635166393408332078603338562279969485
5090312824721317523818202411270557056483061581
28567612156515436354195987946268590676846382702001190
2493099362135517581375458598256935676
8635041406265
20768002933054194122186
18447347784950285915260063873314917480738822989034538308133364316698710199146129082805653350124197
4462
784646252755973040530591425347856487471187812186191035343495099127012748143028940976169809503
506435180015231317935764360432531729869034331552515678458202761010810379599124816376212708652555305
29844909516786316752562689195208925444904859795237117995901814
3491431322778228188824487396020489722550542728387031450495503869459037335649
4336500768958566196543551722575
5649716177677409576433083790282948991398788488027562751255114854555559269589821
441362694511428761974574477673869131586457782927616
25963048415180312049319347363036359784235381
159
9071270341039282712085262787130085237208357851574071870167212921748227844707726436031055535955969
379500874333581219290971795580950728
2084182685495708691667682238131162182717
523477601
693988329
6326545307816332116338180860803422197553
21385094145257908736585683492876336908513420704437011
848757322451036358136267785247
6403916452208987538802369112967655293728041780472948
86748209958613112272801268815672568880342591773060
57491302344620794009427361401271744033592632319282376831325581639020426535
217837310676400387102371286661809751999916175463006806615995
7224848497912773137067652479788218555871098002148737814557548318321
521796025233869450196754176815957784359627089
2267805455406428036877163779032457213479348
365230003818468140839546608550612832469007013692648794348483412099041380642
0192591412382190853121590471525347
802
306
810144108414233596212676341248393810045927059121563420218467800517646218185919455641453452058
3574191148934646083025793447939288834939371761602627670069103
452
08382603088
6690172335683383061819970027056201923270182275299442514609390
517161635525137749266222837105081162625902302132474504
95869417915056170517
192936943051450277433666862151224825963082076744701372033093172653861934901001876766432467
75427859608301061533539261883660344217334863468910627749465129
3323396117784829546352
36430915373622897138390964872575441718696601502881
594333474304681757311
7259249616527045943602792798219642922518538983307055857525428853
4500
88318213
1195649117002377602549355822363250483943779941768672533759110
14444262071881877331089382454417129076389411497819477676020386424177015803196340410634
186011830444333939218048506233385568504546442023972357062281409216569427377972633660356506698014
9793032278628805385028784032113847310999478347656055715484700559719624939899
020806304097971507658885154664548217337176021928722521876157587381154177038644014774052
3
71640839125527
72458895868468122564048500386240032775872348760
4961191631134723452054161160800090138510548031552904320431448575966416648781618123855471393493853
7542596556979659104545104637911924664
90979259431261119765890466137488743
0487728726455701
23876056472644765806432433
17691117987886071786419435438422529352977018490661917435977039716238653690906347844700586521064978
5853
3188422889885393321494936395017295218466625438200518901587794231461
057026
18814898133246369266301779454732182053477778391193345727804880472617849626697991
30397139676694168971239998087705761244680724170666065034427
0745856027669499273714744377149716382754579991040171515170640394507146245683875554775667403
87170
0609196985508788501690600808933829084912945960337813010727385305221057840460598695752904028007419
930589681006229897827
24596740565770169731790632198690114860548747219039
792277614341042940352711
26099487178542663156466852153117827745418745703080
13328427013633793433338544224710
111686958067624891889871194761335991028964608963634956647723193490180
305742228429580586795545299004283163253689699374628794891511292
5037828860636698604668677237066
95280082019163604248587369227790900845472199556694515118110577681707988349439740726436707
27769458948056389056028658857037658638869015843934467159016500831769216892235295611508926269708
662720649643013724043643148059536635006499621650972403602028445644003318413926378
8580426135710957823365679086162312412391432235666846127140934432931602096719661862259011529670130
4954885742998126655044070862586031
09978284801132512194417655
784978842948016036785341848171083738946957472964759948
5135944590950525025087497467933435351024129710702372887664048386216698364257058219301566
9921243377445132429584494520461192284227053354783964768580413801597208599892133683094062346770581672
7140852160202449443923799132973103862723773195711904929121010496
77490223595941974090635167501041890724
469560127308951546848121624063415750895715
33592107120816077574241769572042851721724897575927553656640363
7809463056992508100418183903965222568538586380895803212760927123743986188139053441979066501479
0664057657749075430
422343784762729602438088828782200267722762816933459411703078137
904958366709255751877
022317441174576494452903807362687495180738
6815438494588640375197668301607234417002385033350570447343808374902499957
141794011430686697872969864186991770603735082452939370056099195312501512862
003715605744117242510475833920406230752750292699160056610
4717143770838036437187878092
652734518393588571055892911922716185679397428341194884448570
9902744889395637766565298439231808336
08434
69107449976656348555277
8964546618967098815731323970481849249784514082137853677065081242400451250741419
451623815432671660659362908379761792739497022628665928251056571105464661144762534207
393294961627978447153174832337507334365217149880856827594049769
2
616867226651456783875051069090176357239
97997676094025641994836148088727251827480586864979224720285253876458719789519272878
39966865730720449366610986705449505476650287920923440085139413823
4063577440024525651191975316136587061608207162725861160
417541026052839000005244236327176623467280845695226940434867
2756158064687308346633641688431237098197926864724314145
930394147621459109636493832193364452751696418257733520145728774483579907111872640
01568594892
663705842862
6130209085377306349267534333761384801251596170856532
20627725089341345033364297696974869989013174335159171921802732695
3842143026960261395901995519578664663763670891495409428910933723246352697137406
3906537280088493756795
1915072474270291083706881216821
674353876138628181769010390104421
82678458346628571
65240777875945508600455831436143286997200461146744625617979161642878497673754327969130463400
12681707849301154
1964638455251110678132588370952252206318190140448512465980
8046540493967541390039508744776865068664951175231006480682481233435199802631103
47626525549265689040342298
598876226856874828751837720398866497403
88490113086510529912271714458972835178977393377595254326697424109500737063435946408104183913610
0828523178497289866175488074420998319255816119930401
2679569339493862118020870979007469187398617670205481592672043165662732594919271063313869672183
11726087225597567372959289105480885747991225995283446466357203122920738889024256577970918063573
4188243170597765
7425456
08994208720959475822378918085284635485262471611481153363777157399716460595318359858979340544724292
2375699808121646827445888357243223
6920719149752064118735613172133657095457981183458843001841911117233431686885058694987
06432342693967374811484803370734349970590119810932126306351019493610830
726131548311909494325547718247508668648161854401486453204980245733113
98459571937146744877238000594104030946869993436333297896673876995072832275720874603
1
1853226477062057155156169260655800248178156896654931634357
971897433549
062183322736223299482765415386752126986764187870037566023
12291355503680488556693281538627369089776989241978191452222303640222623036
560790151100825317187468948414682820621382910219
1547517970318117099923485323085919906271120841268815910333839879786382
548788649340855708125537791622091790969349530
407
7868772264241315343153609267550107687861007875112570857963
708407611892847211504734231567646291857264
9402802642062934575274794301964620527769749093839831909610444083366700983764263568050796227634482581
1656656256841376560230223592188425861277932054
15435312827051
47431085735186709550182725571531968141002700329126998915605320956187
12536570514966306924525633812983449253001847441607040294755292510723252521
0425917314022534740257268947426657751812897548
630926483074572294508886169911606262846507157969571671101748877254977044884603654058828826063
590779216156523625528707574564635
995688733824859705256492339036493379257350592707418293124912082341630
488885271597566507590808347336510869786862979117965367025254709901467127183020545984
711232371008727713750485243049989134533460734121373538661056475003765718893726118594
119154496798797477013598540749204241467075883278448366176701816446660941153963345
203806209657506846699574238368
443967114005741298859986700810377417257814743852250851857406065421603340798801121880981165968868132
07666477
1187414770298983746068440982090967610474472173384930487942645999578152185917804638274810619
223918219817614739011818499436989237306565729779940810789551376980784028
59878408762388323887065202545184014406363710953547962
59573922673296438589192489207
3327866853193342077860955990948712101221837213272043858222422173772403104604082403
16939582516962
833467515109534693196898365428059043518541517710843365167559913
7986699322887495576512850921527737
3371692727466735549894838404293891696358501701811073342823965
881100900007602338325835847702893250913659
0678095071043510782056254076116155218041415584
80525671748365628850493285676215103305013659559319
02860349619356856430991333553448393994357757605502626917429930979064026734018148940534
45598613479213805686336234135517608607355526501667509155889038370628070967554493835882542386080056
18733704222695476920553821842197909458
30760170179441797857
1
13361980165625425902971029546599
4767734926531465218297597674252161087942883416993188823947237142634991593868149
6922584
9023665420911497737707560024898793396364570332958431
280575506052124676
357227395945720
07802808037401562586808328351242206416044836
554854266259374223655104662169540379
12427489722197744000006130703
4424446328079675180336866018066287543498343562872105375538857517704382237297970566917971769670
57656
9109220132747401364840726973439160366907016751066391730
9476335067986928211135995810154993
57931663034582
384423440972618610829174480979090269690247122369774491068584511307328
17177752197852446844069347165836507616029874027527846992518369905590094075768
82727133380917320127017498234735520992445017514440793874061476540
9424611062362880329764108292823326964910
92911792059878701980954601463559090123039613471071205424369128589442319435923262584
16216667950480295217792247839725732752183234932197140956933731178339693355028799108
3169541862614104473358408431192335230047940100886352702769820808
74460896012968954175476191956388133442060350054
5914607109685202808445033264489896318176075889048132898835839884194732025149134396842661650183646
0948
257209910383432431928782203782995632114957601163557305999060
035653895375742855335145697083277
340714453276384
049836085130205799696559592333432020659818512043881687724411962084654146442161803
22431203974137883452236498246852921530205442311580868716763582836372315973415669326639056557
7889693069745115778541799544340451980590995556931254366660098350317561879574507998999088901
16429086257175557333302227453
2462005504633347357164
290006631880102290105935054773610272543768665300
0420796761
23492097597202339917728053314577912167110756180635827524723614405
4964589743282457934485780597263780167187178989639622758222040418941245190209560240446054785254969580
709586621432769405990136398526345468119982865889187688
37508590851528417872054701430937458080097067268510528389068258017688034650313923049461499527681
8706725590021793669516274156278608842636944677426823440894956715545356784429844362049
0719508461035388
697570373811844703491205595281626375834301356690364081805119165093983057869239
498
48021313794840815662102524623578613729857824596616
876359960240919079413614827306540839
7181739200396776833112816439452543866558746057598
0839447
53931686050531135689006933311667781148416060273610866727703467
920872115378590958918338982681050301540
8787332477118954901
11253828977629905904542480861377538647420545668483916517613434470384170
40978242981065993286889981542071387623281235515154664261428149964528769150968872741745939320143
54604374200386966
5077258867846541706394446459941006220348651
47
5018133977532666638
91358
3145302
8863658921878402940444586581688439750631233775557033606440914774972075736465882038975056
9846487402024195117418410300754160331651513927910452334868821643444827987264200665351728507848
4054003748
095666415728250910922712226017828562185714566
1571141905318566583344
842441126076550673407453631409016690228860453809405385894842583107934893613205455459
676123358030919582002814
1
756791252014792325212389435023416514386008633038786060423448136222
7642283019117598
53795074230406470436310598035363881410392711048328276322938028136