18498248537740656806880691194501531234841364127
555310
76281024989994292488485813704124343492150305199595521300380693006462371
4793753635544967580486466999858652811893290452359554898469953624935520013334153444921
0993090152505484065307423374238543860213628825214928525512184
7203264152884
337513279414127579519757015253505580927341098816132610344468790136861288577786011690892492083298982
14810982138063048599765468871052279376444484888521379501728522
063829015324591486260925201685598706343
142781047392890360723072430303934759290004882193444173504849599338737404334201818745748146748584
85282520
148531718819097057521448725736867680738597526187304945684064137404
16811496508084930322625707719284403301620157716410487989337939089
885799136452773635728722
543209867380584714912430282194
7397118107115794982212390551838647546999066189307809459
58817010069616054043889921704499968949117965100460331339356750910511939751359
247884051040144089720851699168491829463329446239208474727481247384695184257
12005
6841743489269608861238596856331773929629
40646556643
0975084258008524993667
0555819716395217036396579790438056468934135945951216212707189092313065866945063065441
0556061140371
434769414990253170730436530603334
532264594533581984749
24110538768777732089883
339226436144737805629378488705834968189014
2813328601571143398578413272171638697253253630490166053976673605150861249607278765
59121191548167100254931280827089676126337632804471217167260844792
1911032347523831884909759844407161
26910338966600145188027207444528158333962556387396337940123451621486835492004494660540689118
4180413858875720766829790232046235678454994
8320873530406280990655282546717594192481881228041798841623441796159026030612356163559934
44797013766083450289488806856281349132347614621271730152978966
844778758726384761807205439737030740541702989250018863149808911947792052433864029513
14632939540538387229338
983676761793219315764276870639345791169629791877036715775484215708
82076115258773394638697924532194283350291625203875148557246957142556730266975594525
908296029203819156435754770400637658214377024249312069181
3733259184419088988343947590262741737560338674079446750725099819954
28935809939875325785567438418151914985632345489635774584596621983766398293065
391480613383839691027432306267638802777478358495384838604203156768174326783
8926652098924763953927133557270575686296123
845224052254102612643466703643569187791294231685119558634960783459920671359072575
79989485957574176721718457071231049393698760659249799062
98055156194835161048455203358827944277400814560258302131763175152754630432
08464100847637950232074907506049
390816733101763051460345772261856230727306415615886070250511412649686500104014458094757187330431
732808883578201304964651966541861358065
8032343928589317931078075003656021854704905720222792013
12183820218341533096351255118715031315403564300542705368305017381146228698823771936
340637513130772272558571414159595385319533
6386177091266596184875027404845298220140689830880372234009614
73361973824559113219282137240683109504910988434740324337740488829519804196466
976359647295152686840009291025028570
605454991380778647519134766714654129395069634992251956469
50954937580753040773924406834046178833236272298470
52765700016969797261979638
5918831101257549198275589365784059016384655897064837321137746408332
453088208072562896554335013546668031230315434047911119698
055321706565565074689846924327090027
666975453752426500245783155016966147659281467623081005421756490423803058
06886878326522
7072
2310259218435473850519896746449119740493208357827963476352240984535771042477027113656
42114826973129897029
2678384000280511667036492083239008650821008189347
4792504202621599231714163027614579305097897543635742160080922580473900348645952687515622928967955629
4073296228805295156386561988772074080811649038774931849
775375270150532325533712394296562354396054279312655
657619774045092359490567439150766636772606096069839428799822650223
08674804662213345047557862019294322493997
35211817340997213219748921410150122370439475026251196998378266076192903022310850882265066717349169
8328207905410608778237310006807532233280388757410500351834780737
149796857107657376216915474636606
747145018444003243474921192343412801199416376971431399108299842191253646278
0114542595295914485566101499510786686750559081074923290156
547909713207463182798361446120451826232657171580314084
14899198167404006097453152020328264385033827845280109192
12
7418189794784420456415202675837059778794189022592358386807954835639800
102126834276496185834206969829721468
41426969384365280126390054697191096029321628722056024
2232513377985353664940885468901964793645734903493320699955871313973597015932541943182137772238594870
4484164200595
027678935930729264742389229577739876135715881142810666291225792303762843188380376
68972
33145
430720080549533507435363293788808100584375802500154100662114488794599
48269645835554044518128157806701171247244973691971775
76732220217297943222513181243771547066
66324101918759850725038054878406359342514849257938104313525324977885224083573709070701601
8051169035052023221822536112195347870345793114837169983899
15234196115153212051510555226151700550052090400935822162787839534309128801642263289487081
34775352207018305460243646217821135455785495041188296914647417403077866
830959135170176584179170605539403295284722
0448488586255789278479606223528794668370225930978633481249073
926130711392692857275025297948335621062468909339183771374
38824992400355913402327325843431254263680881450392364737668442806739246
927962972
377440674644310840123955228787011743221638585443
190477546287434430411897844497249848330960009991643622315615354
700567059328410670368678819632492763646456229487581047815565120
14548397275134454565248431892746364987517779314647761386552530226601
364669745703051149678997257521895198628181178676
782252375002918036387174496638959776147063493
86868614
80508089
1238157733337251637640110346463804272609451672255908882984712957
38
17889
602251720185662937197715173709877706649313620034907192766126256668207383014
146771604398782914419817606290311093905278466268895903954974981276235284563805509851838626887990
9632264415233025470349933211291119900112713857423643436652113052962628295259010408814552543
528931737092211003512389890601142573347487642097943307170414646092486668069929110103084858
265259929754162553919155909426963854962829237881059226635
5530231963771285160685627415531367894916180625519752299157655847594713
0617185343591608044356508161646667609601122693958978017764062079
05778989643126236285
879822239437
8957371792302586195434098383524716952261722898923309047103907956813518181148
613977018931256618162
51950998088986450896243
806660310888866207452180765202399591938831107137916217196806328807142621
06926946585711657353649923098689154179214582291854576902111960148251208035183086323217429
145971341094380280377140253027930050830022345660001158149
9975086804066873269946070551178772458025558494431858283610199855403197768858488501622596448327647406
0291036448722415214709421885
733135315549103
5709590206570297923219593532152240809157499314861551770487528431218497607650816907190954928481731
9338692292384658279066456268022479480717980744315215984096490
833929263614592995982131155138446985159443410426445492455182099944910041310891906571760104409247
11094369913308969245813700112531569188939034235266944365687631777697225896
706203881815434253567619138230817802183732141054930478289518
89176
9442465290925448938202949121289298299593910438804885280605050896410511335110357681377160917425674968
171640913469304196496219531825838857906549406459628658223700861
024395046299120933
4325745609779510
8120664076422261767082415597715227147833059307490801417861202810730183543560842601745506443123
0835327254077565187675793197046929563594485592
512777445565004907444803475037643382376668178808279779596196891432506988831945099465988203641721529
65546619393337079965415793026090979221204485707
796943803247872147
07789927543483789214147430312399516152184807305215880813829378941592927
3957009256131147456338898350705013461248656404637
71982557165786178354213259503554978323454936332544415298853
687427297215491467831047615992168923675469929045592910454
222427732585668510267964717755505784683387243453357786083049960152838525189532728
086403282149675700400525375486646873663471698306097203303891089105337464378859350625697
448818233259956069736628084435999242
445984731979568047217931569591738987945141609460138966800114776870590528117104607943914965471591630
81284596397278464678564905787653190253576912925181901
22980591267971659179466937410051730923390815406
3509846974399988832716235734433286506903
2188429839045808428480008104286
396594294034521098935953664309276463861550882169449017599553051722421481170832407
7544073166079242308870787227147953640298830763238711727046
7805733539684446970717613482899972897078809605706840793459
9564941496516382150426207860169898587049597893
013541599487707320728543402
083634099943570
841019979
922101757530977643297122913931846434194815868561019969384061062336426
301734562080
3788077027035208225595711900409857794711871978634510814532626355019347161515317097491866078768042
3997363358893036335917000979288249727921451848245503652099622545111607757767334388626765830831
363966458283415384830362134736853950321952865299973934147635326989930116045947370395869
073130249603570853897
1677912981577795157992946945192931902645468245273892065130233049112954
7383248387
5585586251786507564759279503381260313702368590288579547407387219283572164556733349311734592214565804
5925928472996580309311903892298786691990310374552226859068414310775438398
1349965356076164594090422485700266778456327086766992914376246244280872134694348617
3423700992539644253711312887859667617332810769616602432544511564258715751934945365622012903182
91511659446219460363946456849841733057432110256248663106820611750286360902701629626172235
1998447345279121657497373872148765123473056685259810780996459532499578592439981807834978822
09209636522424153975028916267282079071238280348169719032318850257
77176301219945278236242019535901462903273497967592284717047081918156753133514
166184503549371679014509618975873137587158777095250497429382588910219762358144
58516306365355
90791396805538
906237990163145043739951191906428324164359855992640391523994599089582144532896
876591166814283187104294884248426
9212179277863509824728486722272422724324281227364739847944288
98
6496456708437566148
31004005460168551770169691445166492867400116213798057591908746828015079672319801309899141291
41954189070625110296868944461370821334388503169918
0651077522743042169489853767731054171944499261476645
9813101310585843966294505006554881314360
1515710729432120614650122575409235521062511937091248406386952
9521545841845237558652465905772834800488457589334363697969125637573146
77787870617040240921538535011379482746263524944886109093952085900166915168704383926
8079358424619616669829249904866301751191335605909
89770690957327530838394007615426975742277804
6742805602280644876722283427896127063936712860150931904776751938797724341632132217
9243504344106264207473178046906689715066277289313082757411707737192669247220927072887045
57938850594276880554806713376178215150952055647150839229945792640982235960367258581575051127748
1585321986307039246403042241105252818906572499983599148749329741731757138360332352136764148
412366396120065814229511521598431479163766259944273646126126
38542594554399932924980859414239
234290742924543848348
77564
427706955996913946560984140691206184080101545329975701095
876826668535
6410951299744107038529223678444067654698036919612642870232324
636125419285516029858474142134
742240112367337645
95805718889875805672352882741185454182100717079975054469333216656703117156685615637078756823
14293874364
4825489698205006
3702816982262585649422928813274444236378011681904356868
53448757859406904627083451796439048767992397152308217534170600513820693272340622397456
8495906013663536669579109928865130447658015236825868937883244129154202129228741059
070353612952177
915325964496802842302655160471664616591360622768072449852890768988599717694951635181066
4395785418175213086435600807935686807183287622948442293948859018996694
8012644751441372039060178410753500429187593
8228437963180511427154055771833923369992406601489955
124407221590770770633044303424265174387647899447413701629381731436392196002
830248657133610101387730167473338555397554
83447738222608659791195610246107446844522574808873589819615812322134192376761
73533574077908172229468183012540551
99153739913410002222542802811195902020296531404245618669781073718590410724887201982
2895861049516804273658519030108437828590990238362108822519758940045271389885112947113627
6820617576205187229350880439673235288254677938941817779597909801062027997847648882221113877118823
2462833563679058545355668828562259
61424037159682929843717
6423090800538411
701913089369103417751546064082886861413986231398199138979868
86611652011866399
9123120703971695658902946516983139580989360057019087930649513488320963123700090698331
96604339385084292570904005116987814655487222769374878
4130585998135429415744893334880839732050
2880679973454446798211647479484291231373040252379
578997371135
74433007070
8196725667705517221466039
424057119083849344933625000827644419038319636334710
09932301372739817880348544044598400694586043589949862633544803325
40574336781544694973414461331728423508813654845559422542318537104982902190729
010340950981518368987741302621712025637348694097835255006729789638146816071733368
1512935080564977662723808184157190604219857534500711367919004811670994648229764872049860044817
682848619772047923324456169848266833441761458193556245175313536949824153095595346806478876
559654525413036837830246675993624635322620062646710491313672846365955793916577206993934991907957
890448622173568
993119324
342632729451157998738211825834728124825173089
64714582761883469745464041386008145826423
70259909409980576695567504644777885657357418580688349033
073737694958482
121130713077796192799177082518272660018955351478697
89333060765291391275607740263571463740721792332
141728852897015506450166840210936416148708802940681789584193580
1283513684562479210792702654190838798542894856031823809802130
725749804111032441124217536113628093727450080375412137168725524175918045734539293281893
53644515234031672060098845980802509066479625525459
356922405189477396915884843645918420417537737021177244715536480412465
645810031808398374850513690962748657800506216388411530192963144101242075171898513475745468
0066353279166106386973397263769792885263588232247987710182964067593093818501869959394
69142790135531481650662148197201691890729289231
2467944406268604522881834724722955267310
5573108136729279028
221403815585674890957314773105466856071569
0158709356017898748172281167976007437851660542643
3821014832462186058609827908763174337134470632170052646979
7140067847917645171531599610528106971152284763631845
782473803558276935631277630
8476506421824538598222
17521646567140827
309462577459131265496428363101887943735535457
5883312001804285565488176124114344972330259784339759238312523
30444662379813158484401775277983570054781688033668260958587721729837102904407196166537767620448028
9298514843357322055134514816176034489266995716
4293841831230071441631776551590643321972945997897747214526703416492766911001463719381651
30369479294816730001544596432
994103530815299484044375745636290227
4137679882784313125576729775540057192374306550961718405430212896865001
115700460724381711402293645
085993933990223003311829271822141385412212320433693197909614915812583845
7365533780742351758313380091903368579381126031571346207743818512125528262871127701935
4544701593472251885205550152114277420703918825918551166485
3798243699139723852010828626657870052491223880592632796012833861
629829736451391207595103606
05530487125496999
2095535621311153
293623916586877969274
48442996776571855040625351394833164238132134608342391198838462
4496307194473
973678469664257210414702097091509157970423183953024849020914073
0010063909146931874651849044242449154645986092124229778397328246836157572312626290584359
227664550991524714261418562110
785168802279309975062399057108832193178647917511716704227524571157254948
02855840593957930031067346885121784256477249893318340854766822595305290759123
6859843538267800426986780218720997262468081271669219421563790315219005007877986529
867534236197959377007803847634245121619137681174608268231510321404254672454956877942105386635
497404443522836098041365788729847226510191375
27468476092175330090154949317235840130575419996996710706437268434511534531556
47110
303026785737310031903666662944724711966245599755553
004116524057028937803760576282618074316261672462438166
8249904858143479488282752737017401079144885738231277046014443262361972450
4887942859069945437217276534633045579462190514929796439155893280735354352948726557509522
7987244591073917386348752570397386418315222424146
56404663485378348288277910869204
06820986030832159086219713467747667726033
7639478007888438668418365062197
207
07275051292758605801405809
521269220254
96506332176429738973808243327381174212322179444321759933776104362377933438798257619969976427435958
4
603026755396566651660337904607499787258161212195502345264966273616513804772
682191975075738988141102482738
2656468484231172966749989644797264673645721430769451369665503402972910858063364797606703318647
20976240125623117528481731889433659105592579305504544367709910212459242899089
7754546719277172699090574116102816151967807766780339934159841535158519149593422
548217569903251562656200108071848717665786288231126933220426036
9084829783859412730324951920193000086330962
4244237
1926068324461672423760437056238438312850516640888729921324507287843279502538077787097287916424544390
5068829348173893090082230991788023933995473
382454342648908526340082469899040100867773382403836669583389552644124
62496946028593952832837346361774152826122816783571289903847762891169727593279749437708946
328792212536055947929130525703569270485438543815082425970
2169140976
4791144054759500268236972569960854266256321476120985764632228844100218567011293976083376516773
05015264385592125488283679986167468419220625957035510024621201134349693464
7909036976818470236169600530807698569154011489273705517855150560967170282632223950629
6062016078392800992253952984765095186575840086275967994
56261
36532703236434980007416964490621730857934074995611461821336137733394353071292032
821658457844173499827955297
90329433401544
721435118219379574186188791678834302171037533327018068371403056115153848787000687
3845142565217419409790950076748164986208578518485301257769302847062650924127834
97028229958668009875236040554814353200232015605734278517
37184155766
75755460670674454822242406018307154954416989312484
973382507123571
6657342744905580482365888657052905082050469433383682786585265565583529335092
97524082298172423257985762456403008955646294856955312081265541819563636803452971881
2717035602807325139844455796204688053295953099644430
49294967935872113113709893804275
6971549557173373084297552688
38700839048405111637744634526356193144277780418449
201311378250012650920888102146200394602974491324220360703714
399697723922008400974665045044495349067331575873615558828827484607218337269821189087707104320125380
85061356925792702032038918388788847687721
3447
99765087957
841503211909554693504452137111435985153467
68646207619485177329693691393438525388897985424301707730382933392978920429
815568683310016830194506075402850260417979739778787
190834557932982506931253619819612674652072
76862156088335995981013420454245827404557867216068513629
95552055665575955884420567675337976723123845182008
9923161392030581697723
422543844983741407175398488531138867710532608244668217494150515613271406
971117178510654012353706544133860329711886061809275332133632416422608090557373118770509757541330
718931286870765277425639351068504813225627424085168731419
50194
4471219827401644062942568553306276496389078467266973524651393384322552
7719749037661014962705891101596437528288491216972465456527447518676671631
722168398074500055108087937153230855135647325942944360851901117918335396431054458725
19023362877913464423944332579920806256841347126837736835061520019351788766
9017052769249195239358045015818058254301915224462134736801205836436558256135451291719374057785864
303067956669713008596149550654162301404356531566607208227181290274852008355162280128313743
581429285415932242846752608326181215407377305856031584577602345360109352566872484
405630936047410865675893131839420785973781298
289525921
7828376820315363460602850089413336786218548238683302
7180559815207034085958217295302737165695032939137112206572649807460694663957836041699481876731
64409701636832154572591017431934039957020373677124
7426398549696988
5043190274051178230511633033980359274000098670640930402086840257505516109992903462
79700428399442145576666950914144521677096380339732893151241939261151
976251906732417048838589178000920927763169766064960436557750
7516607550251102386203022693078836575033718936375551029484
9463893805780752384736066769
834805728303710570325983515753
77606277287050486857092335
7886856443782721871393037338352165
7932450803
463
91219576578189668203217681
36392762252338567213748320086
4425439340923059690960782992322327203339786759790879066449312800711232126640675214468414
9387703635001140909531293206794998391988127019401042108299871414046733881513439866267795893245672215
889209530650819554306517731446291250
4829662557012693349770531702780824813949663
6914170025364751561463066847635051570013503183818329372901064357277543632367643155550277809853357
0564598606891938
483700702604990980681269924472266884718298666399337224575778390
12
0689719845035912747972586
65179333978319524649225061806
42722216922284290752561613758730678328586222801878674850137455118088541478075644462409717667734