0454615043465549542754703705092423
489850309427737267517204124354570392
38078869877137428591662177700926975849419497992314
58
8453283798798362699080727662244265510499406379
121050803520641167285092695666565834749728949
8321828315823502
4579207158957675052206991382283125125227
46397434
881879415527962908177396603966146
55763254428815381766389366677132306
80844018256298171104379457277227093839284428879
03479891002797490086202686517642912472827
23355496963
3
5425673904
8802427121996834719991269161281442254998
06503481375171008988386815546679777521465318939991
9543030538552480642508913571200879
66949935949045341929
67
7121669124148763744501837732422708335
87030141778479305817952465955
510757042206073420039859402149587808103
3713974288188387
011531459752866726317480
6988829896422522341060943916688
868
819126
2301884879026096451
28701264668
82080268417384
706348093350683426003080720241008393210534
9970155058938601332359671374305807033
0985394614390068402
405955644699
4187159637832321512612517166692656
67712568434912136464570974364259197
5852427783230244544550898333220751
0999182982176850281550701586618740891503
5906618044390594805364628989
869179886942103570
0476216842671597315849158252598935183
61352739918
818737853883536075740305317
25403
82109640706254653508358012502328546
469373360884778402302166697817468781748404811305
3696
1723427446573
459219
2165926787512033521491436482700684336
186178223807620366060936919668176701256288074003
477402755348859145653283883407533652180
255981755614393778673932519828670926519355727901
069011255116876545025138985823
89116563950399960624042532127238259329129493113247
983354
25619
05381828310182277237268429749895
77446972595824863147856437680745707623308749
56854396
748389
1985756249263305739
9190347545607953935698
619407337721257643810728967189445962625
81273801605516310927205036
430643253106597307091658
561296017
967183482061876471092560
9410744043377323
035669857247817113268431649731060
59019157170206759764115147251111830
504935703135372578505282654145
4594877570
472051103143638130703
30974
64451062936809901350573835712952875969453
4395209733130765020505767428457346740671913002
7130679216715084329749155446782193388049895372988
51418195542692821656283661762662800690221
117668706398299318858723706825384498113
66893781562150
512684951943551452569234
2799513
546337186733897968514509
65715
007280785
927984012
95918459383
25553430685783383694304
6356829177207048355561414116
21
5
3
454736832954225
1285205842904959169659099177617965293343701
384553932936092581455680348673889394858
52403630699847
801
8376548629050323567779297
36144587210173710579190711710701401095327702
51064250103337962859
805
63877716799259551999590614847287
5950664381623527297
341899843202
5264706599453700647637733781550167902599456683959
967097862551930529643988139
484549
7196874838423796
021531285029
0975130990097024154419765966928798982207
3399260339975740168070734183364330097303105
42321781046034202721283557672420849126
82362263702534886913845856016386959
60
9
70396085243650852528699016734300320717533595
2076588953861617906344209
215869980027334185185
3345975096438486469
72240924419420015499295729536965065640816
8935656321868
53240945934667309477248874652374699239897
435485758382927739953140423276
8532699609570502305306905615
72682122018381367
54129342714996150
1574
46383988083372749091
28518720957428760577016364246466150
195201
29150270681
0991456457243158559373600596514
165199613004594245363224770551919950062162359189
776187462906689441032519
11275352658550795
966254604503553274885890669769173703536201
048115074174675715346381
668545
37703647772572536066215
2819
39912304925304839621944111734051553
562810850070593611029665903895075015187
273
4864697987556319831906
10863645217318537892019558919956799560703889770
39427
71203327027316969
2687709298151152325072525081359072561047304
165131503121022177498776434748
5343560710456918105
111838807145359
246505326074646828663925209929
5914374082925538896128834174520071
741622406
643246234464954
134863402001342
54428711665456887985960370429766748802456396727
6411403601303386167950294760088086482279
85508334494131812501870355436896915753012047783
0143921410036847896675948
794909274808687
455759520950571112443869174
67067428995127169738601634
5302963154784429777030818642816983202881526884
3496660219612452907
4370868903779402602413483
091993982077183044996837371495409
997989982214753283697473728626
81022046340808150701980553
1981055327447235418625147165372206559225
722757770177277907996
44665325623780505077054425793723028910129265357609
2330735430256172181589
3607344519442878143
11289258335321631583604536121719117323
16906272853992
5487842697616910
98725658350041434668363475238
5334393320414079
64821295919160667987333493112
7661070312159117606000678
8206235900414405739413548526700
206412818962259329701
34602360960255749814628981110621206071284150307
7
61994648640374790053680168279253298
53220431
7812391364668742069488313567
073604414344822532728621922839819
669483839988226173330210475032064503329
2010057804941
580287571647543533690693614640447964247143
850205549306771540998120728
4907637259765643216446079495861761413803
59
9555234978408525262151020492642325435349906914395
930701483154122
45364753361113931617741422636908766
11780323690240
5630538070373582547428541683719224
116493419069420289648
980961075983347626950304977
66924852105844802215822706491389599570
79356744016801900171085052320419371
660591074172645850882
7006352530242937716468749332693581567238588
3513828490372952162036
016366524257948174
69
3563611841005775590174
8
933293292
732568745546527701
2946653235853530745412
488492093145624866313
692262748
5284782476572434974872323212083280873106559558376
35092329645831182
69876569463623025400673208435962820729604539
662719641717
882298749
36218946494026710108306118776186
3734421807105816177522879219993615040
4427357863093852724556092401823
0477340959468653944534784949262
0123316310655272788023620600350547084113
572460052713008730427405523342164665194
9842351746315771820
599389854817054170113826158860123741046
3860118730161730109126
15916052775355164767515391555568290
66637079382052334092390990298463721886450
054205806366894843064604201910612933172021
340558489817835008
715795772601671961635835771418030153467702819
8419244877857682220330265507789814212841988539
68498972142675417805572477584
402844432005947147549775194
832465280020130722025997231230562
939595789222358653399284300762356
53
98715
2601575850991828191963018108157255808708
7078154497304936296220071931854584109377628309120
45099511331502391584747955908455271169799378239317
1385767204269396917106
94970193442
046097773592576176840
2335270998846067011334894601789971099630449222355
6899809586165874202236339
6468664553236
013741030
703304341780116412985775373898
688965382498065901196449738835289194675090
79061567693570311397237264244184430653747268
58519260442417547449957476002349
3606869130459519
7286829151294
6932186911231844317
1464533676973007
08012822860581645114473553594453533
79521789357643
473
84454205718100747650318398218428170069638
6877801346
71
7291430109732182008899378349062552
46559567426181820118483771662491405548972
76377465355414963523092748484835656205
2858320735830007385883232966824612595011833524
159533382195886355863621987183
712
4107886678846187229579995656524476766355
672939603849224536378338675262797241904970008
9127603
47080626114258
470238709471518
7138650
4832878468486545760395198279462718781
58348
19977440281948444
821686558920075600267
1795812506999859286718283
419650311324232140196734424281867588785
3
0940792140337275738659356078841181
55977362093126755529110245882844403981
1763954553968
306645078553326180583002346526573
9
55631097318196585603832120147924
739172728405129477210492
64064389
69360838112740218016522346315
6073436069382081769138692035683333722
11420
738601567
4
8476359076400525531899887
03856266464224301214170758
055900070482639063
60063319788569091087306767276034451040269704033
77419883239236
6980018941339789390402203285451
8391435
35926859686796706173
51631810255514604569245996207042599567
71971788177578189614676580686286195425255
9108680820981091696194822086055886
6
620074070354441871687
28251391504808175692403463736
60749849
179006724037
2905650823422672943
34350225849944868403435795
4217356904283338847341217205176559437986
910891954495
8879094339788267073881297602558
2479
0100
5750043121020008137422553882261699
8403
1255873761770250873881975456853453965126
665912475879272167715641472
390157531913868503491766703865494778498149268115
127990055741205906
308640019465199403747252754260046596238989713879
059428907157071286366148435845
14945405417840699
41011141712080640385004282321152
61853066227468307480
5244576993907308646112597485573918001863991
738343278339887609
93537909481400461191992113981
9460647979647441140212
70106361104780401119163957710708908593
5254729119240888769697440388
9673876063253705735685334389445178789294968908
71320
9478606715679319612358225891930490461998698879349
5364401073161396785246951
035977332315118329957405427273309079032335468
137919905525425502
2792016088392799568
180336808740328090909047973758
9894788785098648453693943
68360474204839683170
08
44446444718772072975628708
891628112746611510795899624256435788
139794379
819347865160103174867827
988319609669297481132505
59689802003097814700066833760411751207126329468
61610244734199
0871754402639740539847945640802599
5815397855435824101715573189499063433750510702405
514123049159305420988673487777202771
7179493284988551052782990846198160701
1598026927712279295274235042340970477
87502695806802491812383393
57848192716735562450693732437674343
7904592301792405
120680755422790774229335186
603307832389855016571962152040321657
016135245882328
772140
2176550903613727429719031042
45154046811
00247388421218643379388305692128451
487612524570857923
0977016952430784803451347826067982109071163
0490984
28631796756
99945054420197581757360058874534543569853796950085
0947669595
27085576737
4925
799362691623711732335146978230707350601640969896
870729122832
01
67389126173814762838109009
668918065875527774859697143205494704364758665
6981424418303531847224073787564
21362750072
425737674742236243452594971069
784252371734228
6886343536444354
5037915982185575582018171314398503
5451526445355915
83094132523932702970757023937199534110970277308536
79949
024966288453046708296711408131099449326973
53193885679717522694937124515984772937230855
154322064843079858
0304323279056043