97052661113162405412424652888855751803390736613466372626627
1294683415108940392373371133898928
73235909542660121593144792085731585093601496628206935106153642325152091050829984655
19876185537
55008739407099742
7469534353500641802178721316855745616970330078972765597
486304547318361230075636699070892699684552259972733
75254420957507140314906363929776261601017670242593198363980165724595840788
8651766194411270314
1893896597514663680673006285937663670189525024216054990788541126423521
66813941507968608738105
539833091317678724731
5459464674542181843636059329418015
99427099212588201946963117141962928104526219
791557491049527037162628418164302642785990242069102
079279786408311687971705172112266817414931817740946283245691947810330351672003888104894546606
97658312293841578539809492319314743133199618778357485324908961136721665603064524
06045582952679237369244010735849692330069389990419854308156802773
99805043010601939188240870147
5658777938196234253534235562
300341849358286351587399079309719118166828987742291979
631859447280300460577530188047947370137686550240021764675799465400977001229977458354036456087
7521788980323107517000206272933109252231353321184266303743890502
0
5965926637548628715785349469674614261366535203
679749298520346861378367723472939564165496687912016484707682560
989493403450256537162299856411675707511161319877290549927580655939762024644
854086709163408593216963565479170480251340971102107
56508682471033835525180240473380164608884912184283049729376836287356673338562035304
67772451294293902419918448123330287855099597398645978873776082103103430628821644007
867139967971914715531154024186299467472026323
26777082324745052019165436460245978227123491118648349967320770634268100
985455683669656923704695671669317603615
012127280
7988759315369474870983496589914588956497776590049295908141591656
1132554126323010867543332066440490170
37131793195108817190878430314745
3688760529721078462000949983961251363582744364854453641814326445316752030777279491694
152438418291204400370668433079441790013343875989362934510117632426
2561077949288065775564335370456025329542748817894848031009964388939505982025743321568942746010020579
170368244
1178413793786572635
418744779053968385
72593121541775253067582236
6846049189367415121891004994196141723290485191558473488
8286013385715315526420202575635520851375341952126034233202934226293398
690286621761130705285792408326070178516879973813046639930939124714025645669230055811
6862198878
2185438279821782355956182693403065627546218037145635909778346506
828994
653527282313846416
291818827581785024736236375615011995031930763891514709758173460294960888
0
9853088957405838668649609
43203781940093
8784123287347613053475552
62
7403361419600634653218657724744967567341248022776899497530101272745474385640755713528823802465240985
43847104194049488551689022704530813438990156986840086164215608095458099850081986968547839
556406621308582167142698715816780947857665586932626992678404022889486453948
56878179899570790600321867276835165310241808311
7172845953072184451762875722207917763418294
2366684570323616048912824970381065427517346561
684925
274526794281756588928779803543144400676991753626992286128168847
799362167566961058035864701996726355181174042821906201248812478319412
11260028704178026161788091841176553939859932644266
9578956744978541748070759410646474644035686705360486271574363038641354889438
493069939654519781674963779292386921285557153163088116077138307215312111807
30730073070583681923894469790607638520459149190716154910
3423630
88753699982398441791190142274866342224799126566169586427297565302
088462129748132613134980856910895108843577821909751199573310134030223
3204427940045621188324333625118070
63533845421793804251358330280677
13689672012183604424643
078
1316686366897254810032521591419699427029
69934038729776516730406318485959557842171978510971603858741518166597795425824541
185198623215225289800
14867249414061250607366405807534065417791435612367132081853312807
08943681716266132301441881514010931555287330730165630
046378484
4324455034731226508981812757952838013811373653699
550898208405
48905280260229560151699715995786602624936217430409383766617348559478634490112991
9092097220832441548538350392714795100956044982610078148
678756491204529
91588886167825440367333768171837747091614902066137435760853123820784748
32426446782065832494030531865165334317500161586915
68591761350344443306290558081949119904564687312845729062838494669951406659
752378463
9265809983959597204445907789652255505213833446
6
811532892796078553
688587438931383881661647559217567294668558795521648519489229260786132162509260181413499197115064
479983853367630779582583688774881
0531993358010195478295952877914
44702962161125798
153262359229530718511956182438818798008962020208134292100596217197
18200955888551177764986181136128071454479526982792166537494244901853784
2389410690092786012404595571692127963895490841523772461668943798245278
498192626564450829032434351169573303344349377094632717280189157836616565511776788426410122378753579
357685129557976975854037
125174433592927751893376504313317220192843840525866283248934
31301826603975196945054617552015
58330126560981281699448757809653062
5369571708624001051238875835912117136954445904318346850220263745033206796672186
042343918724584171195763482643218489974456189139285742
4911881794032445388697283612186996926303857811524451201971534814053885722450018182596859559249528
7567271269524491109849383128874034581934715683349700516071946594627403284775634150421
18430715
5550890879198750736648515993789414981151888440551132028800808337683876545272407231955747865492704
4951385
46966320820417927240291199777751305340592052199695476230081
011636498530091242222947931835875147539480799870581400560534237
8714983212112794368489270280339350739936892244873133315969856930912
353906671892115365221000674050
0135074810561017083197634000
357214896555728099939035578823441724127144312133493341108759444973540064
3661220221155868670816468771575725618465623179402868160631938421463087366330895109044989847487
36983992763208892640754083366708903095114103148841042480575502473338840988258192388353303473579515
776359779143503009141480111485563649634992888965596625259288319882858464036216
365026364889266778769546672639272451614873868943666927556930660288407
8084681611124573038692030523031309421949798567918452167822269316071381
30673867123186033971828579465210534502108546085516646222472491648082937
3064029069443296233924655
53371828254206859261387
891148511504943270492
7096944671746342531485409854407394601626324486864837314765660576156454068731374784890658838315
74725637143035634427581425827049237838428614684551256803710588036282914320741961275297952666031
348341847145155685533601456815047539764195655123
67522437991774038504267009692073266028745468864484552775376649774292744524123
36571610022583900899302906501556404
2993970219333588826267395500019181083177902781836101936776849645074908816
43411585636675553
1848219089989717083285725409623760686688952912098068974507116412291602939978225226382
6327886
24291561436218241639103311
00206167508566915826729783431593724652978916158239133472
6987889554065342873933820993
615459351885597884241817490266294758777191592146231545163205510105770397283023050
2136341985791788114920563808849770021880480683197106811094782129019943
793369514035873321801530232212889359654
85462546164078347911255398
96560545766817890630640268737617019571064578337512621226601722358882099487946028077144401213544520
387745410765067629879575731355979973751910366043928213421581557
4061324
94795181061351596308719908398373204382425880910568277858125767580527105300301693379
9779915678430401152647655439985670227786359826697537486383790200288990363452168
5018850126508377794569262955208889275249953851780686710271463878007691869393366674417
557655399527725114688293337105084870420086359
0687185627382539428829834845918853420488844039629702679436945318364064
496978087179198058738094390279041775741388870303103936023952112732137756
70301970678970078746641583562693307068684006297159567903928
96510190112756916725348457147401756258543989172963631926688572820539
23892095164230318659676756189143531
9969226895645
9722760444785194956578922237413658419171958191235046622546947361155656801591971575659466720236410418
83508967331919472914
1010562287774478615465149302003330516950734
937868921635126019001893891565356
413171523780966454693570555
76867340500238440471920165350141493156850909280846524
615717662032519370545716745814905233638421633309981828
3293921856190544560763330066603
279528309685628731730230727670655069253659
532693478554071473514171391745138283580
80987855308583435928956937319604619553063577731903572458638110659165053916
08358950750168790711407282262868973782356992376924190548520010492780815401823802
14053005205279500695875687462262303651051423724684528825548623473425467904261519688498
9988048728655011005062628814478916927199065930299760123167851288206
900943724443504025748879252508968802467038883373753952
5890
6041580836858421655649735642619241836039684315036870882254765046453901045117816049643572
78561211587093729303217401559369560433987
653689325568875511037003120238533344216944612231208202932256040494876828
448459449677587641635519486228790597823839557173921393183781604800706569141439734019689911
619666315399667616789833511295837530636
550890764776213394200929706561741126772840551845080703
0320
6901367904466855719311783035850012242847207988627070963874533264381554456522129920976941690594
05532042026
3051260051731842524020093198481714896390926354
00446119189553967471016123357556470554893664771385423881410829552495255493107447220076678408
849290065932926757551516612029868176992616851984068462053605589917137903498713069356304240884340
4248202787614983516022226
402229056830153047861868052425948675878723518511342872146601942
32378591941591889075219
472161898542023878267127559808898554472156387148122366969314774047171797345413847346016936
198247672
63718362046315273657843266485844
5227031988190918453459954643555089937904884224640991207764584256
133062048039013322331356278382952561417496739334980426362111302319562197474870
0356379683
119662980164418626335999463223555246138762
5575233
442507005978193251867308
4482977021127264310001256946924096987576363102591312184045015231946294
142032808241922756218140592
14500470355753622372399
78475616210750920783
31419212547492522125720557384286362823303719743455847856659800520602023
4584828355910289880024312994791803264383890821075991522928582597224793218595122704327434839716386
8466785869633667518011403858412046893484940929447647343283139173745265598329368708923469807746
40866603076090307077488655592758740909667742696532675959161496
391796509156071813153414201670630355846738086855197387874959979952952868670835510808172
8748541913757130191254371043359175714668277401705569553
2004615528514423827824724665253466879005190949476435155841144056688775
886841411327226825817039365862504558899140
5079365114137460039407319816724560062053381442625215345569788177681
9372349580445484097237908093770465986727052216185949755384665165800
307644516801695433047325405366518554086595064966922989217995631074142879575529
223847201712507270069602357537241205473196788816395307439661576176555782423247152207825
0567531151715998210642656356404278179526862125318579679324389481445326287122773942
4983243866
0997704456809852923261864254881051678163088161857780106646
55784303695392085963275181421839416690139463533382947622507
33610685895288357782997632297
0350143108034236945438027825629865008
0200861663419583641727005716990308967871153667811951445029891
5957353547204872047267811741143575477720135334576661952890596311255193081346192517086930965
2179692634953467569233129372683526578336332078932752425032
517947139842442529163414034317762050834225362586679959412891151410369869993
094677371801626360493587012902613514703509835813335904092149
2501767931
73140511294790443637741905874770395498614747804359117476014910651839882684471
798232232578376337880623245729534802568800977
9238296564587377151234597461122227452601862598784
783266053
9191273545500755376454446936299227564070
407353154897392679072355684458891337222828240027541070307089131227998
74989452886644217533660461668093032290838843127272061460621
7493068500983813292502170
115586856068545823339611342475955539155055971927695403174166870421
026578522304244736709693853380984409994999665031588313329787773105364986502
218415689457236232603306112973966111659830785825149801972333908280417081892119210451
412735356610
0722763559120693169
63203594017939024265519491526071109797
4567307002473318174487138103798081303126350320106769686037195867931053641543406632680153689
897575315130138676869763955096254881591909278245087147071955637345377462517497980
10763584177080924809214081608377391999329770618167184516784942761521246
5564041243365671076974335599683754396360419207009005846582099085345869
99924588594431992930225404233
213
2838544452704404693411403312959953765644263352898732472366223111553569359768221209654012005
6561720692326520116941506870462470341004908758090329989390156517699879025760448677
321636124091
3782197124923347527089806763775613010122451753200386567175980979997576255
560402139985273874313780306246862308756887267982
7551847751308370517554441861487994288392607119893
7407791660230684981884797035431274789
2
0095
997640877370155544363771992828861999542866719731261275867483508540016611
239494950081963029775691312094869237222595683738899598996378209773029934872689159
38754020
57067561380241255355169846069960866005122292717268312399668490295769225530098226068167137354464
25208028155082649467335729511459
7
08986044163851738902686417866423604608206845037720528599316832294
8511080118663186860040153466689255783113159422071312168345006751778952341969250338321513675676
675273383738767036437602542075152887465118762047483881334074303153043896898279557277456636142
46403330612495790145380935621693741
8280951796475742763848557784
82568641089760705861866102737
5566409584699970338675480187726959887912645736441
89404569983653598114682206864796726518093188651666266806081229668637538790609776854
705423905051154346048265094695426939052449585950325448663403312583618
11523107060251347807539829551544280796731691064074056380384088899654990043103004632330532590
7019995084534574801398208977872211592447494917
2093740359397428
790408244739615141437
891812435442177701197310717061506171557448704669382598704119
2048144780590800935460038708512397096612497473572648012
04294862356975565275
20974432830445295247777979271131431
808220440904917072130534689632529232185722993135771508270207961626113
392226090605227448730403405870426429761
48236245451885147234502720826704370410355174948288422893997286637807945975
900666829154501779026113196869453976846958562082875866665239153365210284023069635893300839
261427288836095188395496625176200638830
62649493174296159519279
2744122966481647120984353798999402424737166490998683242494696268862140850724769095532696
62864715728837865874864515683073133138
4244430326174983521871606005861606711518602790483341111935217270000207213003132
0222204310879705320699
390413
49231006301294212
5663084188213
16148002063388882359606925073833353568628283498035817235122473928081132725
493847776365698179070034165429
027379539718708392555695083693658200778505443403092608057878147729602227153077353377151025923518340
873044872559147004256218255024792
30680929195354091690765826318107399480656224233158029272801721856767910618619277636199180119586567
602057046
32354512116646278677965478331337041304366450633216
74346816
806229951818055543147502
13322801202813806506503385492300113721921549193581823829746965116291786133256492616906626350193
75801833893542754
667115476725765642156243468200662366777808082918
3243210849621610707362912223842834015045152931300577612471129043902669078224
146841042429285056879527891241945188896067494636683673465187132129108
4690504650007075522064813714496465483950239575684072058428295435627824141039713669452499690
39333809833354884410844123286276314517
9505
968240888637352269507494177799502529363705123807664325415388310967968310904931831861
80103037761020050863931311123811592903655522344695961326567
413638
5051332971035399099689465721329900562749956230574639274458889
1035790030151261868802045722383002103028335338150338512
2216962987541255535183527
110234739647635560659118446890649569246822
13909018596635438333907241708199065254745089749704039933841902
001744178067221460698913676836236176668036
481924372417973790953737582280717546093099752186350390168741680755802163802511
3933103987665927081741804334716384688279984787494989063356869
27292374737086549581559070802986446196732326454332422257596528878319724413209760163147
572063446731030333381786
21337768351318175180265988492728230740663754
12622163902966120159505625337449871362430
56587
50217903744844988480471
50733356346304750836602600525272291729514517847386425155288271155026923626865351951811184239387812
28522872921216667634020771972946045748884036
937570555947663810807619486974509262435
180126993802710765859243215587362712016125866967869293156125448607312204182256265098764736412557
5578583384109134803666369321089049787
8
443070024567406418442875979515465201402127388671022507572437960379970201966339069165188913248
23407435293032441
3364439855515609
750975099583664067068557077897608874725005944571939369149376304793
715624412672229483446691914419203489720779315580488664149962179
35497543020452962750691415497313920370918339242785929694790442238273561394010
03893012060085427421663648787636089724674751506434338983426511581
5825857763582357990
82347213721246046041256311963245691778082
141230462374365229891076309179983083344609025568505458649077979486908714680977595557
9569310272274941959607887716069412555935795903056704832
20642921257304494647869251304781140348891628855339547375128938068007
16505064840
173357
706012635685863230176941670000971668461
16360609532762784363771868498889971823123461656475831513988
3962418136518539619855981492448190896700022954785930690528154889155330393052949662950759082
144118230234
16135718468908812715
997467202346928260901406268354889583466017916916413
44359456517649530
968766777871612532698958885106296657802924243514513337474502906300846386084
6362107
11022833954802173450259014016541096726865393877801372356067337640883
5730
897557401830393946598661178716907455097742298283174726201512631878
97457017304095892676914655448771985109005964
0534736230444808229676702047788610289740411950710601106973853106416
56221151202649388948453204911991654291952755911873296703417
437921939239122120062554554119100316848454446117795247268640750950226414230692062
8790651266349506810964040092100882981767917
8221696239146410513848434576291582738255308338528225072879074679187795159982409836031
48788497977417640057879894565563662024552458657488534373875298
7239148143802118125745228829103865090048824833405169430384909508279675191286
02098157304472268418818943827420625975749466473
7775357881302952274641893130
859836863228425014638512445421031183534641962158595929290667
4088413530512238882647716999028118399134934190
20654108031523556604254237180125813507372718184206495643213835411
844356741211791471317210554355589393590406
45418632817606
45148367661803146571857
3216768077917448526454263630760215743424523553311629927615285471953
3467335047727936012937048507945551281634690950535874922163441196857857752
66714853806880772249707371437533521364179580372958618422871324207219809837583032335984
5391228014295913324915172536803424272607440975
639848094738687504640472739622607
83028721418210530959844780204282546823532588081052762175449051738108
1302431594380876
5605615529471470266227068558795323
111704498890893672564348370265834368320036145863254
6651398100971681791
62
329605898310313149970442368
924411775417354083997582755118976112871022628403572413658
25108167690512942815700111665515475142308029
7048
345248642891693300978170571185940261825107738982101855793494867638146705866680419767
58239316372937592652312602411519075783229481747743398
151666103208776551121521015199060271949846475592381298524029059391340108043953501
15189802659107900630123624293836182481560656081911898418529042046941132805557591521360851
701771546745604552128448147787469790049599493822072996644189839870372165184765112906872719626843
23346358426847834576717202176221
498568907205066014279494744495281276039319701233526034090901802100508
5409459151514285393466451864344167573028892513056760428226159486359193286483987299
53501663910542306
426152883619699019010
4814792716536582016851336222124363330648010728965112185745433912159048171812567412636451728735
634287564487
316445619913279491841029311125011583048706114217388640677
428642243472686609389478602970529534567127537447644054
07111763899187737657214634621911688239189842838179045153721780352781255655770180896846551787175
997326206554808662659225049404088210613350529509019532054620369077367583051
447856614134772627813306234042512927611070
320380313074970558764178321620814675897765064515966868856974657420984
774951584696519
90691034109289096542679740871908918909114012640529236
01166816986236190007354643952311678414483159610566184492058636716956636925316578
58725346517829612392334611023172727864552980609138628962095223542405056960598222
9328008202877956115097207231148792737880899067394
37747446647211997144741
32511576746
1841264073703089000540812595559979165198299537
6052408666765690887762867558887868924565885031250279377969055305306544
030084758012587452656602232702989010324120072381777524488804753831746429806798271503107613
05736
0473298389082252947414050966412836027123203880433279270444004830986351879
36291420672387567358092661137017554
5440648863697597394910220674908575397106158615580323857284941330654165471236317488403
5979296619394080748284382812105046296995974759609345695825023911735001072956586043229809
8967323238239344759979490867365853934328926861874143
43213912822904338604684770200587559261915093793322339614378584667775345457182678530630474913
6334653259558
370639240225948530410592385050718382812746622679
46687001028503212586611118
915220796688091938323218611140
26074614291988554755939558743927124488927712827381692752106
053685068096979819695338322172885727015273166267953690615259099369263567173792430316
91431827542153844675304293429612469365288090788141894745624355
522700824265179
7329803857290179094566124383813746537632387529965640625677403967275450424990085181548686119623371
2023396369814014031668480126563660016261861218796696894510691
8435341575904434855025454137559664475302940964558373693408625542423194
8288469968876143491411430245771756387373843077188951576639554707495080485768768231655378663200937
40421411866577
5885909067844066527932566927268042838246949725161754481163861572695170723300407255813932478
9473221860443787514066751675733720165219390
3737704905
973542072564679649750757732232166158645892456220961321657644142064790944198171236816764
605418888296027084578142874676754263870118154021147427196332720782146889128659
380088777209456210817035109702
494695391083357894506421897272434712472829125920
88778622656483719130006209487788878358157432694322331772359728
6673390091943738609427446028108755097865781691426007
46790687220026313350939836856664773085167
13960595061512463441273057903178
89538601390775760831529557510527775702193241908037587323684545951565851315768926379670621790139398
72412200368663630684947905886821423707363
07125801134504415603385846085931904481
046935
039374223570289705361652923911115687454
905
06646046518994520893048945933673287775
391579712881603382363940370158694868181
4191865015892621929532700902
1670240570423477482495280355597240422257230363924041
29807605964498265
729082041745553279364828807035268577795952925257668623363325057909117786705653194817551
805104010095290265062986939148261341561088712828
63422305825402401424300203250152581209071363588081588373949641240318724369
732834037442025761725712880700935809734472418098366844678738349113528544669444423060
2309371878735054028638135744319413486020713047581150201172475749784882376224958518058027474
136588779275044388246010
45403178964039402334271642759532745075950201588
24009256232385739493409206600254182
497532744642690803359625967265861222524633109067576614064568082981
85544120021655260089118435837718530791245510437053732539245006908802684191951915950
06235011414
84615284876518646061577397543035490
25713494204462295855631859635233371281847442020882007704892123648820921814279659141
0330239037274135902819219895503858306043698576709524755747984604827966491864121
7437342740027277589263176968631699982450052543686108407701880760633963144854833064026687042819088
07512515362035970002889
4199929491453893576902905036605297118490399983090261462
00173999529904452262680606214692850211019241641338840389972786950066966128526710376357337670
465433024135707449117661
744132154532375539369342608413254618532242422652299
3811193422556285989593991288028982201395117364526262062540457826928929165709048364807990615109590
82344220714700077
74270718
59699009862591511549532379084337796548
356625828694111795363848146584508498742101
87041674168750540986018433038631814845947954619351282847393
506913792673626529
915126953721051946200492499586604102080478848323081092803
2
9282497246550474733099769022242338714483396026859798128678492734017448164585411701318413874378217308
1214126169306572607678997122794426
03172504156147844014486702185950224651418162446397051429365500556414734553248202737870857897619
933438850558125068792547051970947236792768214
5969077711732390324587788856354328963841514645596
435853193171023057165437462568784760
01753697075894110098763466572836505781537320708608006295135393812380547
01007277355783975823298289418735670354722029788780974254417795112481732549753
460828958602491970104115843575517419869043590171165765899663
716490742895099902
1267681092376984145586306991085708226579361469710014
18721714556357586888153987953411
1627686866898624407564437334569150447615158566391112245183879060558135667249593878406886667417
944056705957967812758243477589525517761027002812641133086684089221811925287192801964324511
4472231196896000103089447567240337375
799280932630919883695206391881786808348131752924183597405812
910250610596420
278634336180412025764813055893964481
48827
089161540233672749001029711998782890890331086424296455826053861
0062
160220360520899614
951986917118473849673748791
8135251251121030914374630809015720223627863081402085693664
525991408472842065545247675
25134188001743
3
48072899580
7
21245095986722725301668620
3907044220
4420384760013810160512844560
897462298534822213738698396269709255283967507871021867001085767742004876880332879743764181831
2409039928267770527153409314806214
246418753110280230686922770805900032409936591263521934559337206099241748696844957246174884971
1534
012474502841381673261114199912723465950329992280
2943255110159312152262
729850896257078483055693379143757435220303880298
896364334754324905000031590906907976612305948250230100913728052237139855928853525404267
7852502202
356611900560535320356025695662
82646638035546603939961146774643309659238
8233338551690433165309576213976511592947868788363853592447110331529010473413287936365507375
59808150
7708290994762537183310992434761088139019104291867407104797209571817803389793754480618646207314
99882635364484618273081183796822418158467579049941378129183832761920557886391805362973567
50568911934734279390170891101989030912942442438887680310
5570246426
927879070819885562824019438523089309704059972446448083444039083299
2837082375606421938863
9859525719961010904106064231410397023656779794750148488931354533602332
5657071848312997607013572832246106552915460709047052211835401714038
0
4560622312357019146048663770469108339476476721089787675260999746593830127590
686141102321664175180085258044
588596689191428764769357253680587725188101756325916085450020370315958793395181227709692019222017631
3631099559565671762697623348514905701248485991521419707559231647164506020688002310998231
9635706528491868718540461851716779532987396490733155414109929701475274516997395106
13596413933501471894150541881568746585685
413621755194072144610867055934273551196260666949
4939900021787091282546
8520253460584858644486241278114479021948792414837889435977789777171774676191477903811940532101790
9243044419837443095712763667659
08720536924252143806528171016057266537030442995533799554740507119331832910125715530163209672957815
3934471418056237105125998223666546066413734949123037285793728
427417851715240123
7421476
70943072156285135
475942936481096
049300
9273792
222909659050136978695900778
07329523416856
080038570470658451878044685968407185823546779681670895027267274290729293614945228
4054074
7958567080082471154498889236227393101729272342
745012792184201097863132926592682751675396053800462606518740377186
966452753216615241442718331097
629965
96033796
76856767935104991984332008172583
685807567124051765000360621997036011279743591637270030826835934680643415938238932063256985
1769918982374227958103481417145671149558272484208328337
1194819557973313070291002955596
79381867819255344
199
501620543709685028709589201130098688961417315930
1699100573655439176
8219624255142111513
635368960285982
4933
3022090385120138714086408489001110
8520461457174393472715411016039263263499939660636121
52829
04138725573420414216324267318849704220474670132857263073498184762320304201959971
87321259216518888623067090114510829477999994676376
942477891798766343990944180802500229455736530414086806078077612063608871026
8819213271095897902995981881660421765529473693707529018676213937
5035816993171973029067219995750021933480282868249817109697523548044362290233083161937395326896560065
75065578150949020466804340130833829573353381100754630114244476213825263571
891463382646383649931853577997308566662132706981835217637744583450091962252203876094683485
2742435816742851312403938121
3310205583323969835162791645003
564854713602194802645472003943052288881782912813517901890609768434031373
47783843653476396750023235214107209905
10273134007947830634
0975896098787823205137944702119726755339558426228492759729574
76657389939532
86981677222304356379474353905048814834627988239114209535238091556
432240774618077073980382378880054617907992988410455243506633758872920042211644379461473425440620
502725611424940921656418909303
40136299864355558308458598018402985748865129704497189
2279396661583452579814539320440
407504036677763373230956377972207839400241657279712749684465971248979975269897865410000975277457
78123338
3101379947532248295726675131699417409307891056283130667407664569406842153005171065175107087393309967
5
27054266277111000824820738417033685682745969674047208604366695627097924738235
29089905532951
90350137673641109519603333708336080634777589264468890177341962134043079558741680
39
4660174021633507239
3672587923194591088669469344780526380155306692544735940016558385508848019095704685167818098
3108116188526277927
940793974698534931636943069074774552457
66859052017585357321959239335480721341151563673
462658385209559416500543512464088093396176820859468323412975
030654182476287119188266617090157908088437104821804424031275732080048516340664670298
77819525624092639757118561174398733109427730726327898089890051331832585985134590754907952607180
600641460325308143284141411227866865389014968101567525615479456989681234252581609971
413015004420603420271893868451804550421288233603130235388321907620276818
28542480545024875106452433112283115110352159195091717460103756558219
471389580343156148914
80942085671670605052584195833991742060295937374986812370011484359215
083146109151243705846077586861082915096177355417086827249285673938
665829544464670920266006785524029694978274254570448485443270643405678711906206580770153003524
78126338893126409721894709917015659625817388154495589123616909472476
931742247
2013793467293089363857633806690414940107112867689878888900292650584094935832666819670943572919393
042613279433396208006976670885
09308834706136034823662082259953
4148560018583745933280077237474463185980100832097423035499308469472049187503762
44750385795664199323313544722361573552567075752806922465110191910808481503505
8551050952034665570842034073967
0802265521325383099071260108261670548128086649343928881874350468455862613722927416591089584722
619551767112008452524128267710990718820799202
944839826911558010518163615579819316344063079866951059124538139585258524470079481288794273
308040484744244553
25625645620657689586302464775558673028449713097548387422167664854641493440979
828758039419243131563386561099236086595632376155399059958881259505091516199
951620292476674597040516025771469971953664398481790466298201718153121350433893653
4996574794629494858533619
885405519212836554125334928687240187970189609696435094172863613705369
52491147643484360089897601619207440700110785052617434838084442554593207611952
846877970979470919024158232341247048564373009227769
147635633126598
267582660780543554971396995164188149650842002843324205450
6167485006712041218466437578467731556576885852822208574332
0156935882144261622008760226462723830908523145797962762573544374688401858839788404959383383417
19863348458460201743195740156535088068617837367396482139216960
2009851841501787904327659392437767593678773181195673373156180441
40912414128315761609
7198078945609321109486856955038037
71132914179853694753953151437454366083953472685018148002907064844529268565935445219
337419354619098866232614963246212475340926209067845494427798012795708062706425871395851078
142288081043476199827911565668497422887984346887585537820541275768066587900355512659734194201020523
720514193191583179391750645303944830983768840517426517293614535895503
3504766936010850957090734691773481831053999375037109430583971405344516852784617571669514673462366
60584982723017574909876891904750923118
8333035494724758756423524122621823269479156639078056485681
5898520736188278913153
14461586427775337961998505686402768065410975458350186325107190567896
48651824988835394746310115719004328959391528377494514560477316016166
3981700421307642148297507509772098940538670181887509979533976965
21414398563992782711532889537490500744975786
55050583041131461528137002776398040117871391757600888334978095454910857520411473826
95695463284914713691515048039846268603384273012179902427963857192736468378775427700156041991787418
1672615104128188734663824129834665614772257346573105954378583161980
83044182475305246500558776510211998947164532261128262123169306180279466949367766936410069259670085
277461181251652396
67450644125210287267371846425426379368219837466619677440526643223977475374191651782153722245536122
90689629762260651159590316058768204397843892963469089029732519610
53258011980822679519117789143266362131842163587940086677
1043890358323049719420703475857517956851563818592649042436392134497704329496534524560847
25124065214460249202133123016498512604282969749625514534021647370176389118423120624391770634
721087039008374808450412244925737778225401004925735234260704649
73882755787108567391531261789554936417019952081566174598962587504606813284665946706489825887
2746919167150286
623506843330720342446
3990
1178252223387307027796729215154335918836946134440575
6002407206367402479308613638751393299777063558958178249
5951827542468136583162855346081480179480071
0951646116912784404938127032494364156148839444982584422534061369935013596757248602348
481850927484463964849527561617462823773880613786
474897853225009115864569729804266818974659168992
0867655520003468268840958976045174913545556466271007056304845674368718383351284
63595787612022546279516082663429424985492931064741538795195535654168
2658127929788125867237260741
61356665097131262377658
6970082522085532695054965286305064617200222663798288566770043308
70505266961126944439893275881994010380330794946462942175641303609205671566814909821
1718644629376312167939658893007542939056
178267522042352170385877
801346622688828681
01411471724436
60679195834309039569411079924053457684518988053536368379049755287973860969947
6974499621054123835928875626710446491460168379178356510293104983802674990217556081044231408
59068
142579533590431052016924047233428899628211774500982109277255377938078987780
30580233418149442606787335678714850291935768846800553513618376757990755248777750504
87774850183449460180307040044557712
08156931095955146027917212566762023759301852214440106193053564727383679239
63190537246491284299568726835521703
342888913278927426033879708242987285284917286322072240852843924239295282072558894092
30207462262067914
38031448
5512564526255133098706549082546005999167956593159115320020767421578429415202670154
41454948254938415253798413465162835168233798796881638362
8764088594816603282426408661126046948074686710199377928094
9231697
56480699590403049674266634955286340089857205395131162638548
87526539843947990275705123188586013469629446936
2649711030895754542760554467006667910835606999554003854656657748635786117829062610468950789823060
2882355696045073469845034346163317182234709973383502853079816008452598
006047124203056239256
05995739436703061779048529671912599720681212670157995
611360065046609512596274118239404323018021534896585930
4084586064875728463241869597303479504174914133830684306554291454651035277607526899979178476016
3854607936701
34917479529772160419347306127893761935552031914764551801952212243309389
350140449632235146672561998232969851355398317299822593872073309216
98667841
2132779222553810950738969565332885065
68168000929193563894957266
86780171320015151698923846508421382882926567060036067330451216881863690
2280664261361278318046100246510650734958574948313460157380868
0143878060197246868322090412086646481
23967618990431608757
9488692049083006188296679804455906329511468886230805104231680480347296334779000814880083634353
885500722091
4349762725114185123505951569476306188719
2058898781612509464888694009972036658982348469151142757565931653995800291985133488218766337747
9567263761685683
7130421435960696637436323564397644977275015612994672408894150718775468683023218887118973461
6942049572751604767845465339297999161444641898716804575038947
7130081782152225231556893959960991183696535696642513942423992456745610432972624388180
4990667339148620138494631899744984117
554547536385207998162392243832948375765439
4433884162835761243087386191077621035160533012
9830351705132484054169960040202690
11892524805190933515670919587
58168250423054180977769616366834530016886018592233
5447472124830747797095421096058304
752637944940113261801646017429542
65749129205798258333191407774474363951343065925641135685238699787113708721940206350181
323927282180782193553554565041000280101424179309248555873908
49090095997906244794
68051118087870049974639924346654765230207649459952894072167
5
60765993468626
826475724532361279736304467106868615222952769143
7
8322942116157481259956828157814979510303744125034340123564414214194159453726421
44250720286274054798485918406134197870363646207154192365882332213447410980
66
450520238200810412415438802500299896396348412368559
090295842164388427451032119292669450093186213
551326523480183880159437590914054366583324645119093109325124441157
1903967911646672820742226220353423508911624738588054
69405804043053036845781817176026142356817785375861160972426394275788780887
3345166364134685107082701024157911562526023
658025154046223152450007341435153199616784568770709073860
25130310311313020430219297309066966846375344704862290713366218481468792
35792740340503886167209903087847178925419296747
605895645
66467091393539069424129219800732380620448931596885383903877714374555278765366
001036264478946728817815
647236879874604167112056873008609226494493505600638798
2420389097085762468175080859850884289820169328763586121547735512060749003946
55879758285122280785087905153484584116309240874240753259228838693115078048763367730
390048709006103003289674961088376371852288133216673634560515363133225666335316384062451035587585453
989160524794264571770144465051002594969740465075774289664879358465893401
437654702448062293082706874222870366108161158377182732464026860834045245199187022
867495762227037063596603655767744457761795704716841907621327543917709738811338651534863804826117841
792197662834862145329925481944713451855247095612573324863811360
99645040180750041066531464595474043001218125737971
9414657610513602579751032682652271773616787016525239205348168383949212042
44908993320025939942419505353809555429286971470149495844066015588685645960861686421262308569
8493204461319806185630645151997234121634017113128619594899496071658284836096
6031383238995679423245690437316719031069527660356308662945130055990571578641005678791056505896
08001151602301613318819009573567
29073898299528927954440244477281595963969173158653904620763964782023908817761407983766
88269525103624772074388536949360938534033659573203113082975160650037535
73063102423796748780884685770085850376022
284571979679858697529643385026553526625746222098480098863394882541082065531502
66936392721345367607332363950555671320734838081963007435753581136601620211230809636454109751466175
065
409683113578256559458239175984143084563788118926589677184060488959876
328615
703581902826769866360570010997044265703597961937350337974485830627004363
156244786610191173662386351179508386179363411484761820905724634979917
5405898807497787818832607931608725862730918704
450521194301737
97234146
77039633902483844544108961124515796938713092657646141369006803517297500974523
356760220881636638785479531676214094649715404776009981880881175650471
62860357569437946806484
504938522334284792868269443542500697952989840463184398378270645
5362412009175369596895189604638783043928202827602859925136830401
174643733443735759159
11415551592044914643431525761390611511968886836