913972109784
8855195644600280599162710593348970588983126736467
124040
0345767298667855181409180871666898569234
8805710083764
312249
09772625734477248
311596561411323646067
4
7831418222
341067594584928966817
999044852689632258659937878559472152708192220
345221444663609731518929863946703
0128523333
1946242150680231684874060164100592892055610637081
3393
2693
9223414676816557
869185137885525973933638501336841788439051077
551084185281162678446789789184951
42342018376597316882350182267537307454
70910921065231448008194385978081281219553372
031630122938289596834173482
4527868864941737957095526134708041196353
199929557949283310158147847198807053653
7373819187803
0567794075692294728109280492440679
45377019
9666131190059926412231554736026918297230820115
2
971677643741611434992171526234893461287331986899
5118572201589792993759661086042778512184966570846
9916541659760714727075465389270959
1713654988899581067010509258023688
8860645283697
30851381601970630683274017640
72124
1967939327473482156295668154167918763083859
1211666032492115765977725880337534223766889282
13477880104359780072317594262881748051524268
53416756772084261566762025114367725905239206820582
634326193606026638385765369696675051845921579684
1498264302919982291924785071801
38716930088180323743643539903413918701034638778782
1377973987935895
9799214975344008831269478182078
014039894640302186132683
394610010926229708868933
2345652989030387711816688346710352525142226931344
034571728478
109859092390973470767410813230617518
4873055987936
017162302899229194750150624210
550803257755995963063240816100
52
739982130511084011259651185051787741141
3912274772941391408417805971400036058
439136484610
77198894393896676116650161599
98796401592908
397231192539890072137375038939
764344463311371337636496648418267
428409791929527678507500510494254391390178
734203745663906960470736
5125
86949127549413450758047488160115450
943462140355803897020153115067024585963497
1877770063419572465287287922088
0871
161701988958642
3979051236464549343151900144072692724107
30546717832086
9634877078659
771573820544
340120895466430613281965821098580946724242531
041158514201606304
682756817951504721506533870
162071538134117872621658532202532260899907
992086423762613795950102479563629424661
483428745067036482
4287305678859396692966027583708230039114868844706
5124271094170682632865313739
059336404841224835361553054643208722749188529611
8354086029
52147
11580576973767853300975828521606340584919079
639257026
94341932327022232549385560598
0018499330
59872337494383064704291076798
272946054605124467949728556139748662803959953
3293558784488693642185577084897
9873460
359975615244910370665862945821628044339623825
862412
4970494105
2791504710636596394286189697231429582151921
74080003653024903593470655745352319502282
6439267499275981710
857590
031518953403523010512040
8205703430626
226553181409243
2423858297137
2919256111592714247186450969
1634705663515584351229
71372311386251038519979148779
1351590468572963575450060365551
451636754754793144417749408319
872151088863566374946
322912598971104325935672
875040561
5692061289153636389942602186271
8034557029947415
15925
12280070
0498033996930897608549709085550198
3
0984439802343167909821
1747203937784258364482
46426479872528
6
1359277519254722537
6369924431794585377096469206
773878590
05955559763423799556274334276414093562
7080904177590823
15386544853733208213
7105877563378038526280035832076
36686550838309186333652762221059794997620172
40
58018559369927002658950334977685306140
542300402103
52488770
1922409434207409091636456949152305281300485
85176
23537412858562
56613462393235
789658712
94257500
5
26591996650306079780327075636184463902417622653
8317075686186896061680826736190802309
5906796457858120139075823447062194952136
819604306
790718590572616456801992796036604942438177
2191325414808162842806183991783898655132119
001678592711711406986782986051426
9947559506950496495204677272141427648
545371583839279308892895357896
71051489439346378569294594532824610368339829
82952650399738642124657862550786084944666091361768
2760
424154550
81959462058664876458395323498779132166010690666586
91496762181
6
82716529110
52830038772
54904409226646865143457796461318347
1454492478021814272431997229396
56606396870707082930880446525142604
23205421995510145896971
30671878050481811528
0463371157644
42785841389893344613104
9313425220274917782
944327039062496852458109319537723188937056251
774447943329033435
10633073941151099085327380566775580142
6624355615952533753988252614774164995059
51702
0178251783013863
65634191021974996
790371455751400943419705499713979326443721
4205479848597708210179
30199
7579
4674277233
7578639465340821486
7686341837057
03924657855799522819
668003000030201921838659210557521045740630
7809887841842490796647
7586400035160853624483694191740803117232927
564560953409821472134229733945465884
681719844223388957428124354844007
5748267077458625766309
225980730881319012568810524273
7327
5438718470642
3190919560487853251016864268400582
2
605434785124861690595644996944471
51396964550971645891
4414442557134148866
8008667408861764686082687792961386580905119120909
663232225019416
373189031640284846769755869389980888386284999
6643015827108169980658562229123147962316044958