0711514779820332405368358363769935577478958
3966279513303322892516218956296517194323377011582523238026774898
3002565105211407115572091099120415634584195992983677175370145889418187377882
525380762
37621444002189803031110383626009698446181967364432815283154317416194453766
7594040192065882214589741
93015103040201
406528003051238229230947508155565424028818354526609521499376514108735403940776
743034177784937753323382214071143277428444946336147898159503536072396112154514108294723106
669292055616558259038566249170346341182
1808807161317897045979651334209583711458431113414914757265
95362174078012505190782194442084272949647652065999561767516251109213186908969
879596677723876518450310081405
31142806
3680376272140823137610524852655363196741006327312711445396101922096159343008996646261
6812812680662100010011576071956056140872006496195312
5853507655209869930644583233278482427724076776
5604065268979271957305703
082308592918496389485617822628643611645688419976977502
927445798404527777098948375710098933430160
227611574171351740652763503214551573359161
76733475140561920071611988490575239420955549199140453115317900923381964849100339480373967234927929
82082815418446104083388273860231544594718067810178921061286416038288443106638272129159822114012
94996355931601204269135257643300451857859095038164
657023703421599329241
073217309578999124285298690789398944219834840808654425066538538674394039328136130589
427544559795871050248066406717954238708
77280992094556092163608747329905336550803310963672141143596992441336763277483086978230140297
9002053146922713756922551547434816160116094935067590908139304350718113964
59571794283117549726156150567838244982290004382891474666791563156
9494456440955421748707140596600283340050391
7721293513
902750004065316382783516247483922480566184862942413110078890096928
3402673654740725113751955960376377549002858331772712713631610077515670087123874
848037702866399699216043006067444780123417603688764090826684339401534522177838494605363782278170304
78534894165552430794782064156921487978966221432589304166137525529248
29875175601073660200894521831613966100479966463053100552
249078118660845495341324649062465399689759232006661
666056966194111660357
828311216081691879029316359737132706255113629627212943511786
845252450097435378708783216792031642290419216477540583579998368734292282
8888579805526816754278676637487932514306750790042825982451113482002934760
07759179267726610652718689522066802695834060708
852327883131226090966268388441559134628
81734882819066938240744105448366950251389589544448885
4193276641995765
7360176016177699572
735469071350879730855941200300195537907628
8727937987638629616527
39
89412584940986781495437060461382105635759818051385427741384885228632307859544
15274187574086911363459322902046912371114096500444508918272647337953648694333315768467284
1115420052158756128553758968563026662308753038980
32579140861240948324827138827478098963723336947582567242650
54421774748
04003605487538786895706403131975565367563462814962494
6684839096397438281894339941489
5845108341297500053450986452631126979380000599698930107637800538453371437619197514827117875125
08882223
4677556768957
55622527615543326276882872
07718509821922
39573514
115084625045021292
20025424019460783665807155359359050651620431589758026748289001907125394251137676864
88650351710842506195843044400420204746937913416887562
899
2516110841023933421149
05476
87805426260506338625316744468910230226474252911931010056808800181350321591716154113000863434487697
013585028209519163453974643477730816521703279527037308473685611156
80219344514700548961996674523478628040422789462384
461086830552223128671979860
375983679254331538509654804993978624498036226353057300899435584098106726267163
3968785959639251534089493463145879301242426190359574082567446262033
3811144648644770113735017354
2256233553250149955293103999342176911681779836360360862182257106642579155618384670460
36097216523034923009748159975608073623696114298003260119696897926682945449189337
2979803181824343621879105345996996900847265376129463302845711178264425931561625272439947070941393107
7
0282126597711219448403641406823070669211797643063961153743
30452876
130820509042560097389868266437123024980466433399
0707980226739804
692296578809692451871833708747822216465812171661488165375169873970210109707425223013936640230484035
516
79741755519571951089130205418680515630134821970008173473153030818256854541119228537509804518959
66633998349688563909843971502345612597749346709184125502360525636723632833557731900
019316917663906409244180160412536475634041787158875332965062471590933204
394277648988791061628289077457767074495570721936741350831092508883380631
581876557208096895438038867938398759741036553104257330301188553
6767341073088930749093462571723898045414746606297943062736
90917709858408083310655334089296484793740471957147156245690023955964048049869370083079134398350
000809930238507797210862896488129433
21585801223957527984269983960709611688430662391587766
7258961997754525880558430809003251526306861587704050155642918313328108504
760398786386892889203410532034733
28162497393006374276676667840987657914288888
77518689219677445031592925
950140851414523542613165532749833133864151
3223
64157230384286764671284276879722391413648360407749424790819471583649576623847870873843354582893
412279946272533861340291339293752520307217577262523042421971390770944869718655033775884449256649
834245769663855083644043368558614628255073875274455617794015704923337262278767864098931307488157731
2863941049955480480189642522477416060852472389970472414141465797423929161052889252194631908293847
49690
78769830722205217252352796076655490805888759632
8946331
19443974421
1251560598208448395738314507631161941170437140259775251436286647477813723
806815674257344469752498786406586073982891420532060126336900729705279448561467
640285083019429264664674526705056907537503
2626569933479689090102089058393595574564393664796932128615986065305119564530784828786894667131797835
35703179582825483403728855841002804598357307
405497987881311754769122731100455480896180523111187363827436809365928461696528
8738159534
611492420146106865734492229950542357504180201621149790024577505428881
229941457022568810128616416834608084018909131695810787168
9897871636138292368861832600735123807852342163966080695926137395
886050764605196393991487857545638
2708425812871896996052786534471206704935201750034759027206861111019527884020566408544903833060000
124830716904
0642284785454606700
6459674627076011647754097823815968402051282522503989641171462818977919243996786647996106099
1587739137315123032003152613570037599
150730992249711647431627386239260835155920
9332385009203210197010543820
295868
788634171109124079425244422
62592142963632004855982988
189188371067507011265739148
539676750901498
68653529398997910700428
39426243709383
52511788724972494814696528556187352735891001138754242291617743
621790733661226102256513082099383362
55421837145085739402414745809693603724628242
868228708353674266661460035001003527032623329162989159355977349451000370463832550
576566991478103856825327724010
576021494974556439627487408061533169145767001
9525946592423741711148592888652247212012555682197905
584651334389028704604155085233908702577243459179774576294057470933605009739726471692907084772
819273382229920881828295682559560272519166434319455
732266757703706631804720769725554732556535666570171622485865022912388683762585997136
3973718
646026218525579443727742043312946386019301760333021326314941277746697562474233059601412452
958958036
01931589987150201078165957394377555568566950475934434035940316326700643792767
8803028325612
4193692637399799033625083251998532130801967804653297
65668874372216280740
860499496651652258772033624585190390344903580282428246505431483658441258816
04835689095982882880373835940965488485503802056419843264376416969613962283031718992967
367781436626978
9226508273810758239572494585198630392947405341114375
78525192783354982226316726034130665633755071415040374
68495
72107138690187235599030529615768252506
2372464061841719187113349354885347750200103040766938250
5327919156
12068036109364035335691181642775721452123319328062438608
154468326126278821494690159356625214066727
694603345709385637523633778278850170546834399557866041381038004385057358255053120
0557
103232129
805349751554149783801742433949982278302698373897179898517822541431983043848541769
226161133322080216376700289917441444031878825986558745758551468781568133049314438
6203613727726510501305679503667349877303327855937400908142236073742472
3409604805587374515935127988818
0529147147306681862799981991655
4958891046888226292587548712673258402788420081
335703605465556078979715953417099326326935311172231102336559126523016295493202536643865608758516084
9456763643487384354798090369320277846700868990324592921131023740460222284554991057004908297619079022
2084610906680919706210584642941651499010808
96992689421417266149396395395593245946154996627987430055965686741350300089957909512020349499918446
76976249860377750993039634906699350314377831
72380908269942931921489
6992920499281930859616894306023477301189
5145085919525371792886848008255949798454974440211350714395177459002317373258192826865
9363260643249862713104340875634728416
904918508392634652150863690273946910299744795293332669
67088671149139773130077735723259030453902
91585541630215571010541819301
12673739764482815463563862664942271715440290259099803119581214
991787776381454887053372720250082922696101298809289999318922733435941558892117351570049426358
095752979595378312018822754045035734316179378454587850454109392798903852472248235811849
6858746
3640168399393982659947440932829369659543348838965142570033891058226833685795069
802798
8941364351597395280205337870502659914349695840818666738386687479314146914013959127761546029617
39424242343371928169363169312321709893751029523159075830
7074065916623914253801930530390588050678205153022941568779653612792787212679207693300
2134461723236085202909710176505449903972127216388068649093078177
73335966678891982675598124691535005
1460552190931158738602598282985486687441484431098750456021526445301564568945183092231471268909520826
993133294448938865409042523500542969654338897008730074976159210
1351523625
0958277758251804791436035
6541684614217209761875224487
948894542201499019871868336272034072806787774418396916282082902290108365270797858231