186458829913796103903453045411768827
12704016848575637397696114187582
948417468861889
176231124663914077598738892105484738265656763249808979270090847276071
65486147495298059
569744160
336629779877684181028756120401996283034812140339590045667222573795221810241194527
853061233765437619987843567258959488544391909783
7569880912037962571750657813386459042269128560
690378397879597
81154121558547602692035048091216135535099895157570797761677810358850797238732
993766368167589336631043561110920335268979549425013237185408426546
20717625838103557108
314936401328060955872640426710486818731308260497813881718993797062489108241305328210903
365
467776478481717540466589559156936511253182613555224961391062275703176281473201
898964766224075388738177188
09045530148362
403837180001429390538848020170352082528997780029247184115610558505738578
7262921741468137055701890539464460455576678812726
96036988035634434803868080308556
42119425225847151500701442954233440989745
99312517320420409641119436589107299196730813290222418700914586743678
269126796482837131458864760275623859
81018004773045393841730225705
6864688653419352486802338507995582218
44812751340183867283150376227842477721723262
039292156314247548
6417409903381171852314446734029994915146548622340638
54673341137569118704546205368758703348922176381308999270649036317374343424932429112762080673467
05019343097073946
6421176263972110785949455497041872833672658665098725995908090562812956
43766592710258706247795425145485054100946379421096515942984381853615667703756108063343263704
56757419373515868467782368965161785506600469806277845158
3925236911335422012498142627084031575209041839304
168684673889133151846265787984336151410034540933124743648031157414311849900
70517609601065
0987791399848025107477302384006931315324209087495642
3855947
39015996491959561264672984106206491301580254155496018
3688813651795052682966440073006591753
36838922847020226466154412782792000909074266567132851241240764117
36189278141550429538446344
6639274785948734556865915346748502212607300779
715118082907863334902402413052947471639562306963085051817821015702318124039764057622863931882741
986271905565738516323617
760777562949437254287888039129956407769545567998059785093
75310708055940621408540075253470159362470087483282568066661212390
1963189000018771437165
867199179639914651347606072987167620372517777176440091
963076347127101409593795499092628957612059756313239475587416746972944886697594490
202563576877947519874060445422343573596921929509080270175981
41693057354334032815894300335027504126183329194331236745319978069340079252163795932467
830328019595863145770397941374205763905552542201580722083888772909696164096054833636356790493433
9046054209573286
420069792
23386778463028092428300459462831364100371279352131967966637136172155940071515633
38943765087
23190986581956814501123938697015513874569074684965920
78585753338151226842962325570166930757753756955188495026972693880561066772129502
243525083822538913961442085299241571425245869747545581315396416130916619636054473
29887169369859916211751992156008878174202
509165640817509815122310119194508426132608408614054297726486252142338
35367218045724
380169139278883150947151825
624727019
2
15069480522470492046013497154474
1653427399147307323055077071425469295580782852259189336728498978942622895785145767448512800
7305063747000665191412240992184488176868501556124830817126581467569466886993113
3255445464859521620931957448765407359
72475040399779923182417084900817381906427066451312024100463622977900886638
3066932946074967731549444746079734313050792173508821
23538
7620772074096385528176462027990937942919373939598231912563908070147697188637279649269989879849104
90938343820080087375279909840817503964054858605574777
9250171382090362238165384292038068999117733121107228006276111107667293986099234602747330070547
498922470649499992801803653108051602527580932278540392205269892892605780286712196891031
6507614424560633554193886074719216086226733463686999177790878
977100622941290731859750227338278090431778831094496441601871041525146
64167445212969198191354531555253685744183611882936776424178369536292600238
393277157391124691121333371576433730993043219310273381545430632984908712828007
0081357049189851914434488375994229598955030
73411343333527969401295250417049029473904244944
08695467853610495008342491213103360871470
53271526390725417
79538869419102185506678
35156715749901075569826776322816601017579
567094634800245896103703187102989942688937090141893732783453090777326579169561
4075724514916617875368239277111956078284142577898082014799358
0318633801024987118491599862596159433985340132379665071565056207765668296645100181994472
07411699170421277374588904891261387511145269322019977554984307898154873503805005427469235
14372451014764843488668344256048629416874424198910458901692918998604114191735491784780
7694057908521839711841132589853214864002931
6669380370190544708810134786756291433269575739310546211245637
562714594069954113406600688705330495755742915806900376967131680510486794348704687791193492541
1953
389810401714184389780429004443237223521041548321327808279072325919742056
29861733455107477012244912208748860011035498014255905252
75937785992854602130442546
3934505436557565627946943832912944043365873015520047037128204288170284998696663776283
4014394894793817961569899504557592754875221172124876812565106006883885211247775651848210
90561283032847665850537601183206690000709974320329
4907556031804952395205051776
99153296034824506044461148718953651589472546531123117582434645777332363643586460
478336910906707864849627371629129657385453004549430
35185208029333753612944459551156521027205005119199071044607274297877
60141865635943135032098711334735343
81480347751071947731173035826325494158120002182330518513705785377666330308406408556
613796568535669393097327578637224228002558289899275466217511979404452321
5657094587607684798072477227370
9645097798618784207391231665712614405901932370
766657433936317239108665063938628214196541117446114416277768180127993
3942065
9412870603344456599285125536237610573804501375898933162965330486448429924556614012762477439777
46941568345097008547300420392551700826786646194070482190690
3341305749704731
481766094592156883525996860838859189921244394591408631110
198857773425971788450314596081097219487807080603693855816801904
2923220397800174923127010721404161150847110166935351029332540852981487860673071107364832816988284
68295440908964935308439906900880014443556160357787787455796933751122214655265837
779923893931073576153556699692159180809405342
0750291721769311147808538078670362063706659275604908033305225306691641112885515956976776801576
942431319
2842380975982811828757562808544649980747484987622145170039781795395904224629471633759855782764895723
68797173352184534868880026
3346408151295843110008555476792086606658151
0549200
403602909247443797959012337400964373517643887015928649527193543103419206613575762638605123
31168398291641465675721898
56727391479734036827797278189685521505112150925373655717980311905402052942820959
4228110565441682449889236450108838453371241443053367
102879339996969038477357
04620459005241762338010175417974214522781
08802898034840204402938446534108071187005559254118689790426604819946198635127702878
25
68259269566792988537028911
0454915184110523252439042255570105999676364628978569565
52287724886761476578492892320827250456548138283305616510751774508408235660301066511905957509
7547779360266472975710753015849392532670213933548075185
996561031
480632064111182875226070485
0373131038367651561974448266706522518177867016
480059430741913795559871498321963900654445485661352314627
641719276965295040716275215152032116655304279360248
24
75481427499053418767915022628483980391482402694663532956354722371
55751343953
69796380713012336529093134046886069587460008972038939
86220664926587433658368682743825653211117309581697234842
823692402801452737085018495314614003106094711072
8850770195613395531602106963227947164029496434429536761030209777696192460817830763489204
29531191805904872285987302100091179579492830293729961507260
084270785785921090252987021910653521365760437395248
0555645065653254489528807652081434756774949762490872604878994
316372683858389476986357404
70051591101779249861567566743
26611946596748265251318953063155887133796483770586695
36426344187264301657847922361058612188131496475711026448701108889365
531348328544076102511483021044399009777906761744835578859980055787081854177368344663503
9846275077578956844607484494968176
2820868063624174970135349827696941045213788118315747135959470448511504285791733477704
7905593657681995757135765425915841356389496438164492164531413908447591488183025885762602
6059
199803489646901374119972656717700110253103767605236335940798733311189106120118213
246600351269552058210863331022976775138059469068962814234632921080056
4260671612895640
7
2238114449900445378742513268873802675163637240157429942231535776376634859273901450663
77024
01320089737145167161990267668934914021106912686696667460160584954668305186303678
894446208024588735990203284426351026095713400277128045791326747481256997033945025193048
1786310027607357373463208532795734469516807372493654725222637809208257297841097222376896320387
848715766712308516750302317185538814586214
19037485532362346813501
280
89754014954625232336501
70795502689334715678927
3895486411684363722111106
2744756785932279176402549374188
87381288889787526108003361988405421967895970371543638605032419044028187304447802
0735097576946527347335563612864313818492910515868402063
89425866007167581785501950635667033291964505845639816893992821
16861851129783593148417593183045725654022493
3279281006043902211461301168834165609469
191909933745201652914950942285109836365893944292032485997813572526536245955
36173268139088796255
590966751018884432954344552954409770677284314394675884467505635912823823
84662018925815736758
3262998442885498975100560011871651230859427290
5807264145601257393158199396409597370593056921035097945040182475344786362624671093898662977585
53565660235801839805187226145264037966880853935299763837140572847296463824285849369154
668127342676721772600547668898016554209471212326806784144810753463877128260594152384053375100733390
394581786884109547470913388370404389960551494483227087544221422032823
87964180538496269500685487088241210958567690016020609954585340410524295267075868
088594279425758710
92945398879030092142253696947962780557705267773831736336931635094
69863303595101
2230514819185150565330171306200846300890590033350022100111914
6060228215344952884583357450900539399564167274633546211524898644