66592883573999305205
1791
0091703008702
309456
20531403031081395
6467903536521
306801
921
31586471742869375664
3557703896316416013
479795
8
0608759147481950728642211
35500529376
3438272
257
7234651264611272672601445
2262987043207751425988442
03959591033
592287756249292385672719
98391121667939
996978518114575681
7280552
077747574464
30538965718249520740
29693825595
39455239919447985
5270950435668865934
5192541825045
2315838493106619
1
10
1999124819
73922155147
328566
117794
8151404136984
4948537192450368800501
63588831409025
53595
8561784
2074469060702919756969
4985337178208
074777806811042918
7855
05456948261
07709021229045
20221
1567
61119367727948466
520844694174380272066101
771007
4650962399803843824080523
682291934204523
01919350
3144337222981349559
2553548001578879181068605
4055957106207657
51509427821
587500929039601037984
229677490
600324871
6703193918450530536
66860
88177000658870106530705
341933080588054
190233153718344928191
4451465228219044008
37439315
611340719424
0540260828882343193
405316015303433219115
69212252
7697876878320050036890
97478498570058297370843
3959893
23
9684598656205
44318480667333176586011
73339494672090789844
36017683282760014229
79
59933
3289053494
162547850569136096909186
5709286984152595768521926
8
6593231345710291
7362395358632408935
4907768328
05321817
2469111579643591739
865540
3455720162273760
8335089210991560220
2
7369
509896338935221540612
6592
69
021283125048
09475991972505031
930896106478379651896
2017670382790752433768
787207824757616822196
1069496967417036002
903620974199931386242111
193345773
7605425259047
9178269706315319
9296884937969052657671
02606473584763859480
82226576052706980513689
5449560765
81922715885817575775487
63431165389
1287115744
2904554452509247
74575138434767
761865987501048354
937299988756055860
4920403204053913268086046
005546950511181
3204069925851285516
514915921533031088
420426937850
755987627185283
316962589908972915042209
9685527981238942165620
14791371069337879
7875251551285
98
0564488671910
35832
89575461748384580
431505774763369964
6005420328322198642702
8730398388725
7
068014145
695373642764002846921
0378130742054517594
1946270696
392
780
4315713355868
8
545173872
87
9599625256049
944
7175621395363134
3723416328260414273119
015229
68
80624577168
798172
11
90029254591347
038
0746015582238851478
0
4
39544524
133793573275
72839458753
05391313072378072964419
423794918295065559991005
06985705692538124567
448122641364123
6885053
3
237105074507350938872
32447742856136211392366
359549808
098889636073004782616
16270
019480
567740386958467624273
02909132817733059
65802
284309646460451637203387
6531268235989941591249
6660167
820214588
5117
89524835144
54822682644137547875
251955511685334
1130250
4761882897773672
9360003609094166019243115
16030765413
3001
291515829241779
865191
125
3583382528050631
06030740762873781562
27942397525
8052389787308754
46
70137814890380363
0346026813
9377397429495
0211590793456395767776
1029328772779618592794616
08675687226916267727644
40
65
7723919785064682
961079892340519
7220876015132
9922527205367452531
090189083067169726401
5190328856224
07
70626838058638
8594510096279965001832
857415524438191
353018185670624567570912
77589878932672368748612
683762251570758833846
5521839853
9501291954689882941
39710185003114581
4694688395816343
4042
74407827141407985080
392
9144525684222241437
78119931879
476534670948211213047929
6916920681834834
759664207228870642277235
41259568533
597893693902455011730
997774261564312488614690
0938335971435540
11579850821715494552073
79673733658432393
042529794792960041839
18888167199014733514
85554709
485333878539357487
34841735807739
479901892469573056
974
1119
64
31487963360
50902995
2313
31
57687
116
82717650737728403926370
6013
888845442405
598207274510993616365442
463423384826
657924759067396508340785
146435145219414279
050999528457672741
283571996539715292
886723897117
9323533624573657224
38755183456684013730854
371821880
76656762788779
756186181779
569525412330125
020565853102055137
23696058217685728
407629150949105489768593
71239761144158878
9366394451224
46857280975816028
327401516055844712726968
60784609132718429945
44182
3482141156542697759152660
65
90829259755383745052
537122142430527908064018
86087135
0117
301537695692
717626411
246441
84390116096
08392669965105049710
33866478698935166
23782725507125014056825
64
807418176726683
31061
662552180498007
70536975369819833029
479296168765923431624
548775822744
560871455965043463
3379077
877497577836868
66813587198
2697609071883922713534
32999242214673877345
370569170364262955
1235651545451354509357598
898489834406082106
95462442
5337158146707067432656
72173418042557
3304558812373408025369
1798789714311
734569
489077378
7444370729706117592052742
42225781187529295635058
8837711829307389010
297501708
6468352
91659243050268830949545
43357610
4415233445842
02699184289368502
296342976207
79090020236733477713339
643475271419072
485227863146072697079
8801850381
21
955981418598052524991
05131562154318
72
069
98700024858
313283501857
744
998556723112013
5934176
008643387
414375
0
987133912
8951593778742187
5597805123580467
1467702619493854
3488
989769510460607940094745
4816950324843648991
02204770828600
975418794
963301
139337832711476724886107
94115
0632088188047524977655356
29094293
5434251687734
671338049019
038883250
995809459657598
9677
69799701468
1970349306754380500360395
431523556158542972
0874220106510506
757
4434031
104
244865118619042309851227
0311611084758617
01608344
426703640040728708
8227977119723
72
2906847
60578845625050813530040
537307357020565
158870118016952
45556890464478902256
55097624525235839741216
49881551
31956745101095959781
96441074586727569008613
9535860
1586
02
5853032
874241198729
76
79571602673448622
537227179329924859
0824
43
685955
26232008452513652385312
115678679075831152
803601580231
9840530442
835661324
381579712600534832147103
5202410260393556057
777819793759
39104972754036
04595734212423663051
021852579289081
30310
0
5611415
926832330832
470240119763525262
3
0173723726357045
41
196
23
78024
0057592254694
2830431534936031528345323
52271969938
6226284879754
0802329
46838
780037
6624375878683615188265
804967
965672714574101274557
78306022
7
04829674572550187783607
227935
9962978216273
0976258126
49408883049
232591277426
566567134366191238
013081322
15
78818884494279303281
5738431737858
8125060773955306404519
4
9310630752138782
583210335
71634181625
94850
6092006639132804808873
06291121753584422930
93
0519506945794680
012
094137789159091
36486725818193287889621
624381440374037400726
21611
072719039190722746525
312927
054744326729391
78194
4403
8422328237567549302123556
00470797782
480935653534
224732418835210648949624
85
825965417
9454657861088019742650
29925372077518
0380
249938321050589009
9532147600
40300991789581229870618
016465860155231
7906734654826175868
17522
544810948953860968529412
49524
971
686063972871045
6660898331
60045308044
6116
436830046
752183
7499524693463552253028239
94569543
42358937327673972
093511123130250974
4183645920357
59
64811048146573
6457344522
2610415699558276756
3793482451
63724506
731965704548179263867625
0913660
7851867242361317778702
6510024231539258796047
7018346304858
249645562750148
8121470073700792719
0314772970878
530
854571299248
3027381423
7608
88672476561103858794888
2968700976013843
72089563194279160683
896
2508941256245743
49671
24215245435620084308
6129697550493604
51102462730469
3162128317429553421653497
3070874127288838478
6445196805699763238161
30841275847276062203270
07512571027
187374281
461560
10
6484453636
017215306874616636
5480967487305866464
780768705999569463
8038821246685719881108972
4968
66540
77874426293
072537940190407012313963
07070
859790
62
08261280397967699
96403205502
956642714142
5412224839887
6505803680
6155351233588994
2516249273364950
2394242
572606644510
5
5766698
0221479065527463
89408711469124407950
82225215824569251565
7113000309820
165142657153755
035583076414630266131890
5
130
7705782180541533753278
7284065223554072111
9969927766
240721546
29259466
467903285211845306
5289739192341335736781
4344680
76642
53216553
3755054156260173520696
501216016
0513863755
6828406063667
25738547327660011
28520216745
2551834714445630422780
030854528050023400243
78780
773762970165205863651267
3560995179954072
364
20580793395039
10120476112904
56497206329
51286906
1233791604358957998099619
29323842
3522145614895
47486051491769198
325583134682793288
67267184258539740
7224038071
3236449187536399770518
393836440347686372129931
1
4
4678978615635685755
52191152
284203352636489590654045
48525
3748
398304038581884903
35187919093442475
95118112042094700006711
5
94907257568515812
764448143043007986363785
98287550691111304
650237
26293323
15024532105
20053704600
7502857456
023421806
1
40404
5813187261628358955704
016722015009867
2887824066725891
734751995265
07643271490577266
8318556407229
646153271649
662026640402
4
9
07318458013
895034445797591315032
58258450
9067285219
9
402384584588554484588
6160788913302247017
968651003168000963
4323413919752546303
96725201
7584928
167114125205282
853942
759
8826138419677165
4854136
9453218796
39487055551180157226
312
66895
925919
2422923166
8065
033659183
21
0826230222371089768282396
44426
3861933409698978807400451
94805700866687635643211
497601601720052122835992
411110890458449248
91979404789
575044332
23239226257576
3
41945857542
970055686400306
6725
136187907821701
54782907198352558
39247794899441338645944
477963309
04794920415326669890
5225151537506697149311
956551054752695765
5054
849814124799680
95435192850
6621117823936561737442642
444253613
37109352
984369662671302
771015660918601167560
8748743
050952790417019420607633
89285454652
8945
17461341739012322
2575552856190502490
51080404
147935978951710005501
684194215354327879
104221171566
80993
35544972095977058421
1122
9093688
672003458588521640
195604615948
263
33846021772764
74852
94137530123
5502934982663368308
89428079133308
74258631134530
0312
789939590366952063186589
9644688699745061000478709
514777151500657915
53234
4858134909467967247
834527971
6799143774115315765208672
9737631036
7754209811420778
060002632689730407
0332788140567
241
527627160806031
48
04713682665678
32004867
680427783826182741012
348858879758335
19932512728285119492325
032393951043539110511
84862261362007238537
797603255
63941
06541
7888941379327786192989
001014761713260
62220543912
692835472225431159818
48183505531165015533
9122
4553258500186886592
1065062312080148
4
88003042273
5547190137717818782
98889910241866843777937
326987
37961128
2
158075
26796
0704297714861586311146
39
00757601917168768910
3432495731
48342621
622639097
37034604485010858
8883006861529524
79741314939029046391
659552257159580810045
20364296
758976364420856657805
71504532887470305
32642893037127736
53013343979350
233532
68996124946290692964
0750355009219007351
11209704538939293372
9844140
9347958532292628930
8191068
479901
1999915022026581
6561673171
098752
209
717663198
857193507
39116857523973
90
2396516430513
55638
92542510367461
21029617929425933423
6816297190674
474687325
29843882203808264842431
93922234867552
60562
0700930588092256007
137726011
568120348470217
0122215651454885955786
50
4212728834
59854959065634672
4118808903275393363656525
3836770
21982071169
2606
175
012403546
8881354
2621201585
330989109024543090105413
388091963167824909880631
0327
502017686371515268