437496565539321621370499518919079131
84105258016569686923315250038820354183598858342875112274550688864193248887944
5994026540
3662339460060257683652713948708788447086
687024247562106643019545840228350
201167434997414818910294278986142862273934795887725581317884332009664983703389997279343
3142913
1045013973645152215038742363343770025065955459934593084955991581
8104403180156968272205580802348338206961732185824939702829889333720324058461039752717564935911745991
289213006178
2546449
36417493245956665032335493841038664583645853586832181322477802595037904951548300065
2564213744309300396768800583133826
95401342199688940011152083720506182
11344306920902315200567543002155031249254265310058156251586105701184853317927311
638841597190
74958282452000857701179959409410150254799
97425724712249142721978312804947169567521796783708045681604508007989305933947818014777
6004110242407
14931779806203089074782304461089929275519402794460290051159721
98832311763720787473854674588124190900215002236989496265128132327880641358413223240251854802
2179631398311
58565003422821
0636738160332605670503941608951507
0259336444893416913661506889643205
446119646516286226038633893194804173007219112060712704952
43214800068398380210897817126400555900748524581706882619
1167372884299
596114989128689424493393292171334810903608294298109351412853547213916686321024957407243
1468456329475179474900612075367265111046543137564878069781753956088835013966636940132532
93284035242392690890005254272777944636145772091986920823573868027
83539846458171548
96481619
61124805106824252618824893526540620081527593653056302744669757553404328056866334801981
0074367787750636176693871878
56813500867758649089469886173542328305799726519331
9245533092957647280480383075614802494557479798395805933422953591392410
360085617160589793022710939242490266962105651850613936
12157342307613529008680203916999847403206627427831022578616138
1104216348
7876360286149244878210845352491851503597592
36167858635331703457070911440509542326919848411590830726385012716754695979050
08614472108237000892472756990304602253776400854267852215611541078569
87322650
98705978596578896327821636631098222741923179266608698118755477362012185937573648113406785640843
48459295897444503
977872249704718430837533205243752425491027477922230330737179039208617625944860
94384906854607827224949277976045759671833
72201009487060414219492391370414376
972793235667053377140415567254594233329
4206584195867456952969407874776171910976227214307301572429446867553965930
0304387764384792547059128968451808682539703116609562916573179930647297074135592948254300388634582353
62296744890329443808476825382351379421754208098340212070348634057844015
2732032536418
474
1292742275026066544443475512008272314255790098645672919728306402932275333048
4356084992014724390304231996460953478314722615476394700
11739909121817754357612410562040549599096410272224417423645693134358878686966187850604046085022
28765
919587647163878125244902468059875161922989388695124
7818685937808789167927965739528451037451018363930459231410894026141029099
9391804186528645485862339778483284035
66102551004307769
26619136683131085331382697746630685463200668008930448339351897444301548
148877960357779657785020695530885480057615671998387371157877474893223888164596173657
18899026158997556488446
2820802304649773004005087315843908343844575403943978553003827340914251815728690370684372801639247
92170416204819138774973418005146763586299572840426567376167600633060403580185187328
37206625048549280191626410303424102742587156208882111758334435717895303893901272318972496675
80714134591487281097309160279784113544492197867277950578592598339947806136294480462383722
617440685324144897337271644309
78041
6183757080398379134375978700389166847696720440953866030899184139077
4518936190099202
196361100622193306706315615518800125169192391551391920783
069250587260243460934909643555630898815237854849119212124287457806266600
67435720725755833442576
79614293256657971119429645418120865509336471496635221946006423257
39652836037463003680674379491584767804503261498431192501765745594144876765582597046
425691773776532599304758538676747509945854720381987138422389946303048
05334885000400331
9857247068397686593338495024260198578
3333742247244989688
16705929546528301573509264231408087
535851802760891031896813343627772488866
8547928575994982650007762891007136955126540128826263401105266938988582935449687
56407770732403390882473674731229132791344365844655576791127852859696785933670131
1630074357192180569447987372980147811469463144974346941260
61900136462
172637483226047459197239512952109947745094590925
5771941689411312895456676221666552
1034519930646709797
0504
9638988928937670239239152875647033028594987608988689170218459
9410681
6815843866931500972241034892843791713639123923984
70597937841982408648309807935306405410163115459477202715618620046544
84415835594133602841036268929009397831189
97327755395943497685354502105099551107470053954905636364672662123084474542
9326039388393611793912309730212325691786235074412251710
884519317415793859635557464195164277593732392398781167643633778272495503199824916
525710261423605304564622234
192424866922730541820045598180192422619004592704876641540223919
95957528549363875670942957816850467748
135692829530822758897103052093082390652
944558608934743074
403815748545630759425336742666619585276303321
2900830745412372549219640133367918067809905525249169331494571514
601343205599494482251798642
432618798681942697945430571795142160697831642452308
86744064413574162189535523548682120596088330355089501321
50695365696178265298624996575468476308807108078629077629102440547955641805544154337050546497968
275299835695462306637883791161852252113758278634105482583125335106
274070893775084924929984733632161836142982274412656368884504849765044765282706853498106954343
4
711651349503908375451363100819700637054491126964555644327252470568401345
8025936476830324517175693317453666811159838999915475122291442912219796446145
186869092162861804445275619718189274293375958778347685726890
54915361020297663005310663931892622302692477490446168436144
873254506064681957757053856978990206553364931184922122108417
38974782626527125534301160989607364006265834201856419974363966
4437674619190463843308
876353434420
28105987874236805285739162569792295674607369099492
306662610519800684375235995052144698560131
674
93
84162954534164759659559
4663027840411034125498573150795558753083134130721439705342853074021514
6455821629212105923013753962545829325439631648391715938769457125659840028318079830924334199702393
307321604915027324443146856499791790173853846636305585294339854
51913484281329022329741529739569412235358026687277173984986064500450472944396056048635862033
171745920087649282214473547444957120539566371604618782475734123721886723721372852929656582557572945
75027304385092976161775851850308096426828580439086704698206573409714073577549313853
2730640383637733709340987894927069556480461264070943287092
9768869715721244124019231043256379101282999471872291115780414509751982916297340509293153492684550864
3342219236372659784484085863489417259511233991886461081870619700945
4435636188538522714417871013288842430412089909701930972377471679428216171465251456585062430
8313823334383119489184378571525893117328122691458030010670436959
69178439628025
5810995163404
1044191086452876515518272774660890910173507923697705036891680
21643696596554795
869922073385859428450196260883403404240481765451529259596121094258
233964294963229813781543138911987886946781689811127
810584626923951871877241571376657656780537
569882440021636951913966833570733987936948365250907796680176314060508046527355826952
1483125490603792235114611346720899792691606341480
582171789014699966400281154511496923868918472149792036100068925039761138
49157617924239
245188320550238619454159598503047513320532
280026295950657698500445151445913696398425638502510030206681142949
05244741242327901
503292701669096196912647508663733332031462936813768185903966759
5994456117549514558
918671625362746064865
94
369439741820346207244588500465499991505413269436
29125487124046
3176733128280085867691781656837896918991941395037990128604374025509767913591502045
49753609286579762287637066881128755690603936919696038332169234201998341446690
075684060855626112305124
954391515597913005038572594222795450
242634868328736069538220243195415219094723817611335742216287470044667094714
260
09667526682199232292524288977645824425952754492001340087373746946860082360224019457367522410630
992854063377150242428527442613882838144917215184696230760796961034711079405
65154495447409881221667
12228701264084
78718741029130503648696029450696854919848772295305591195806955650983838419507094242473805437057
98274943
2092278849389937454715523623301461396203429081589
609877449411731034811712815441417652243547346184855570081461325
450097232960663156221317461274522033610396152770266019677829979599272749698011305313263
29965891812400
5058742079953788784340
6372356106761064038956245446197043368709837711488672331228212689231419574715
2455797860443496203106583103701
370213564568256238150417316227777145281407
35595136586244737779902337739503143484265309005326433238711666716958475796
962346842795602780881722311813317380184839619007529
8827058969225182419382927153816253827069086740109054390854770822982513653550933495523676
1091404543762409888671168196251062573203909448041585942218503639012532420633951132909316851177382802
5208563324224506430928953497941031085145242392889940056288951462466439610651038601
8566
20620024405186453837143775459575670026740162877695087571195796346043958125094298310095539896133
347766069970747528438132228660390817324262800438125621424212155304874467738787304773165736454734936
53135902365627556083489063584
40657688629579384411346843700
50405557517937194121331076278307432200523845331604764489555614251165514151399084913335588744258970
737911731848155368
1627210065869807779308
3562968139960622
552429316184321370985903754235093309834682653886
77345216221887003291
93963949321912882401542845077384309636
92480631
035564876701327450915150331343366578320933819674217168457682874
0681679415380746658235119289664830822298563694425231597327
3
67645843550498953219596658605592719356799317074262458904826579404808
36214121773013699772323781038156594070235003666892315784475029093668
74492400762480734368325017906697385778005500761727276590339630395836838159119825427242766038
4242423964486377820984479161442294981030845075367332730349903067509626846
4982493311524828345
6306040889566087162112599727303161771019477516432654763560924
935292740430155449585878288792674485477154725606777139829867976167274323883341379869186034273939147
687588380860065805856278
10227879007
679526050394978096554340303484332657571664
8944673210133433293474881830619936494938044208911187317670013611540883041103
0435526856747803860403288303234901439247558502424127499717490598
689593375370650080016949237355583803086786337310270103447837796265934888670158
255272691
8656689725496475037094015402307222946434623806641638581741805383645012312614286962500
646731371034663325371081309629615755750514708268226462868122013530742285741716
42595273341787002177235586377594
880264631627771576030519816071019483999234360636
04868606386194419
98155143440824389236229123041644883375296857481033378871725633267260380703
35559080029838155189686395622943868374924929745747908136850
25522749
0804972709889468205496290008692628158267023509447387846859702203350107699538187863
932495518285884549400980283780252798953662421100746714141039854095010
9217766621002044147456166162001218954399329702596638189337877979332324029861873034557998178514
74022684652769417537856058290841273519768685398603025470886163595907938203528067884639
809591932632202884935673529754015527219087494002250853960205808542251016122104
79284503387269202700382970014264392513310245126018048068212465628893485
97118957630330209441382406470132
355768591601249
0048600529
7832189128410248871613286582538353603354891858238423938159
2125769977703520341540234212382321070535909881782396965001181079969808255540864320792894
0937517535145034311
628071623945735785175909110176159234235810483970924724609954949697783413437874932815161908303916844
8117145725429052808295812381906893061
6732556013859402526046093660438947687627944432477426075350865994783995583368158616
8082181285997038893715952027609058427268700768041659
382
452100665137820
3803906732268990233656743
41658461029739534652338849360409195822929000286315462295246642075958305052057878
86249158714183510897792866154298867219159253220099026554617
743779095396395604197220608417045530140341613317
4026114168216847
468542517537037419083114706290714405
1245258221469835148674177307956221853613151282700699072657243463064570421367523930715818174
5965891849681675668552361835596766763169816432580126356401
0608242540866098530148757234888821342207894310728928884940
393983737568893173844760052916910093723849
5870125573960912040010450123772948325980098453064570394345662005728
3449450938700924532436859889103462464825778159689643800261243105949190931151903318729
19724605575657184751708768676621496
8222503982062819041274632427619085607162946250722778085213896375962802896978
8360367710119559695
8497475078097495468088141717035465405
8575939537231372993762886784744
324597736944
699775
9187340350556493258321650741383810787418986164329391018295999534499378804920802224
049389438897224976566213051308744233758210479888035974154633133
515945443853123156765996701705571328638875827940173555104134362600624440156402481966937340156
3190755265884975581553190365195042141467008962173510993178586710788723
1899787538180873748172
1795358253282000373092163802947860511695373828390640378891711119635694909351661
297639905059658981167771778193327848722784305
03185284361554682457479193605633628615045277374082772851217221214270
64432984335956246006406491706026685026554304650744066976026909503829072380586730350428652030761
8
4886955093911210679739387030
39656030531767316187673101620608650781834217808940529431637217316380861168
628398193764430042581437356749097441676183236
83522207815726999679966737623027494717976320870348286597944778390203804992936830412
3014068710259866447040597159342335
368322141952145775413669390439242828440224644294
779771541163844924930660329148734810390407991222856551763927338818798214937
0852971091829389
17811515504156980141921
009660376251098184592476612815515854636683949992978904934895930291111465866182
46944575623992631471778990320397212740
16678576249201408300769758545105973112360977908514
48751124594895644845675239987239914178008254
7925489591683791276427608491192317925771220368100379379682906712205147679085693535255422
83744135115908031154233988910469883354065972721671947664909981542445965761946580905369085322608
034120408358336028469022646192549
89479598723498892518070361328827909619972276873021049500284821622154948450860614878457096297578
647689973052553483740920441695735696853041405064905848662283501957128824
69224
813612678300929616467977574230776884420768028113
5689469094229054966945422190588785171980273827233073831
20750875842234541
4691155068185971772693263302311940495462
68729089784340234806282737229882654455869753994889514723037457841592337290
443885223142433661158092889793278999
17927937489235831839709
8803340791546257384
6193770557198172254420068975690720382601960849118553139457995992001947077232261
4530944117082122953807518284852369954801131068038510079738419
84333498767096255860390064809624229
0246267196411493641787199422438543687726710482694468
01436204529427344265261550581107966175509440938930382842897623273593
5476203991392349684
32783507966659614914311255201482514821724678945741
30222314609789570643035834646686791021388695560921342557788462590486435085971570854072
514073869127523423
809
1770007178833805085428459249637442347684
6361083
21135467513910
17754013504710433291209740615814708506088808482947320553497150368
1484043107270074395177645385339033283313202196212194715156
86948711156078130315730387659192834295677766793387574051
733087336475105271279395053146335212242299003572926502843224173921451911146019137758
619097
85401133341204764522326285914774246815537183424544768288898552716652053043389490268914270117
7647532086438529199434164017889401
6885083326227915078177755852332622436154253891718257243839108472083985988731756588866760394
9120
7683610433742718268765278117434296169792097240554616807775167353609951192816892462
2192021931179457544309234931311029579562374704253824610101995245288355
2658505265468
817037346376118595561877453898179993155079519527837263822215036273753812967197938695951963
5042662337477178574647927502890643368056875398506652358367487074681450955032217670674
430355134818338243682916007139688642429235955846403820117611162124
0028474430213420042781288887351095310
998323774980857484460996
867
247794448190468929493837891540646926529664302077146136808514039961200182563150071096963462969125
5514562506483482982040418692767231613
9961403657774444480033738358065612186648488983422705264677965983732886795002997237615322
246534742662402933332030978307781990650543
55824936628674257476051042835683517842747
1388806068272434635914009619
8496060524455624220758576163074236443740257994571808771876475328828765915962881521573668962956400
6759445668987474397045275362133976612
99758722192735024024874864453338901668985518167606826348217442005191645772
171554702087591307771671211979832062139468258237993608485678884452
711820829574609669877899906
9403873336
926372926497259767034520083236299010288912868868186
169663795897451504398021751898191714742972133476292958428175126263266372383554438707
5383763867654048532724343245207433759250109498554843969141901308765010274409521912632
4273496020134206843977022390680422339053419949313170761514883902528151
59769062024386274750482722033597136377414973288082676480614
8279344392706432371005142680209220345080924771500
78465395173777659858244
7971308758440890053465688978120852308263688322
30440479929089093718047270771039369658972925659842088136288932051410435
89888555609842687246836413469374722928208764831350950095591619189392421
77981710110970513163242198463297856540751642075714520715937484224348400105846265249525298825044
786554384147368816522725292472854084500404833983098
33616407295725338445356818263276585522032754351
98343366576845399730886360558323256183544484907229823657537710080268182336
94614846
3099672036341177043
2026869609320816825380249032110129055542101694335852923676745828542940670126816216660679011718
90920399380249694347856
5953591623954642969043300795383602495152702590274321817842638056205804592774412253
649238467420882581682704535375081057279838160053219007823495
025541216185840247450239126522014301498691199421488912722924322
938233415048789303270431417672858930264696250159067588441993609079188409323
5895769938722
076612472689434153162560929175884429989799293158
198727548023357717692232916785193282772787
282487976120236740
1631505970576077336593831392230879977709232579
8521113
06974038335336902060470033754337579210692425651609971191304187733117854311027
23937520795790815658069607899643661498871015420028406886189775871279003
6
4833691506922230081122046534830345436252073119
215435881448962858532522473187852920810914786963872302739542426880439892420370805
3699085208455561747788993147960474567351188362140495424477203843875312899780861733012637
7380680382806042782445415391983059257240831743777247314538323696864994
97158805
78
084621664657101494392375786795586108817127605061615600801162884070333118434322108752405
7088296939659769203040241459551227
7285832647658609
5300223971456235471487018840884608853093399548422803760761941352312774879675564636664781292515088
1704705725565256293754587974181283423970794411812591
716385468423707869918299062624086
1165078986630340058
60699205363641479338253361651794802623506728751776376234271236761891564793664
88734053520963608404439512124018093877182181718099342797849166564904231104070
83399901522730
163752153351000776486801066530498578953711598239264269099093384572093641965550888676061003434740216
911107086555416086839317374613796259041196499428449314660759764366339838591
7352566446078560909242119220329545314308268496043347820217268601371183200771
0317614
99313032225803552964899662382784442794960454843641621927916690530896881606294948859811
8174494
130480571272881408084884021637621096894976610180720739155894545547690408
352118089357723572874303047434979675749827101926533350677592971736416497006215157576215739
92898059942263992197044583704530713778754239644253735576
33350446671916742960645
36942949348050346960276531178117201662509807363383307785906868227884336828684386960
1606628106016430913711476019730613051715741247481535536478092885
7648348324477897836529956021020099398659706406
4509783286537438012791664941190537811878931706991000