425834
9372441288095030058054
169527
087993996706897157591874761244855922
704728060818951370442541664076073328707670592
159676764637060570
642390069549146954779924484446
4604152849256767463073791121404182580314575935
15311651
56047559596
63485009497296342089143879
5256993326321500758636144455862158981
75758398779611766809961811780599520507363
53823779010321010
449243359580559045387058274484669
040
72934674939082233276318848
13744303593407733540
9584584645865
9355401646477263478578724405338
215115
2733694470639116042
04680580304197698183537670287
1984396534720379429606209059677404
379854885050187864311
06776448
97361924867086034250658
9261252622
958110284383
05875319250789237880266524165370521
277639849611536914014
40018978115498627393306931376100884465973326533791
2604
864587019845525
338287601568612332444216
404624296127611144470957
6647535376485572563159
91714515066123761479471285405
367358638808752235830695973202513768418
4331085067535329725
57725228439275700115828963846789532152831055901
4783104861364282805417
54315286074212699894714
221544
17380058130222173233802383984
4473383628615969052497897160970801130503337353714
92415631591182137244484298139433431419113
88691527526375702839015211613684
6803316227935153696398063155830985609741
09572473
5495277076199422794
176491104149158612606142268908397
8635718604339576709855836988871814
39497339
5793909894527501
7
126742841580954002071
015348193879025311111170120646010973238833
2955724627548861860727040205179863422
62152201792799960413311003678873019477095
120598119143000155009063387511609679507600610
6461144009679325329
485572192897012419183029850865009266
39119978699357685560452
85833793367337
21511116343418913814784907064264344133098
35829697748320686024664718
142450621786086084
7646617122291829410347237665290647
64641188148898762214872534989112281050037
491957968047983073336189252049
2
7647939396866032294082
26196961476435932
53759729
0993336077459247650529018644
29
26970438237766
387025493111089101058924406376594635
4363951515324730592605235
92369384703813559087238569403
5092236453374140653944411
8073005249966364784835318954028
158442727443254
4684340
3340993318003241947505997
77902944250595791777952057770282
60089051
1462247670325039990819810
4389
1383337578810366213
2453216228931249
744282650992936483254245223627909524814
46767988360816
967105591
792546997
9739726315910721417313609732013066833245060864
223471635312826
962591
2377917391089823
667135
413043535950162242114358489884
76396487065
401836498256
29284
50368610
5690327498542
8462271051094029719988482352617996737606552688043
010492240568507063629
36479071661754413393322816828501694429860
5432095674581122757967148655163360036928348
64445123908177980634005994933761092659
9653755081342010209254
15525284395008573577408190452477822115
4855
00146322148156361720732112676433
5987180606648186296805502964919
38867806658036799758415596620014790
15606242613415405
70891626278048898037325753916081578179109835327
23685680501082203
4282175295041486531531039368900
13
79582889951863046551125089732527371161354575320
09923456
270843080623153419457733076211163460003
0110461091306594416827563630583310074755177892
70125159284
90016259983928083555
72585
38886079095387
628972221701806095646196440000
13614077760905
27377442372775249014259195897017184
7588
672530225840872765891915353625697642780429
707501446336842
6887130251106194810956022670391632671957525
836765882417031750050675963250355425757938595691
041331257609824583567456951191847183
6539858513335
1870973114435374921
2562118028785380395758447154591040126461216599496
4177071951351458857341847853387
828823755335743776274998
7604254773633140667318945039379041605486
9953515852610866715730183900240129835
769616092832
982007333214392461684201466150583389634952984316
4614845
8498868479781514820448905222757392878
0184883454209190931
090812548826755465630867223147558294
35395633293382302
8809096997170190
621677768036535903262494509740084875376641757519
799267114960380529280779793186088099
38072261105168
34382014611811342
277090159811554604
8135181410380223287354035
30037087618
3485343730565918993795433241257278716
813508359
023190879616846445196006034850102599069592
217712643099307128555267505647051
002042919567743997599502256668295262692170113
1325279888821368939189
1992714969274318159593809405421184213391
4285453
6179095781
8198488694903547225841149281668415635
1245714255887
220363793868745977831
10576854778468013881
309853850277910660101189399624838004726352
37814567363315694568064785579806038346405377329573
3085076643885798040235621426028133283585230
98864834
1
095344547950185
391718764704437038285967353549771
695334171738
83613415575283382629013301344314
2878469019795379598170906553488119862146
342187094923421179197704
3796820256929466716168215646518793938233833
00113693434180270391
19
4317637520038132711503961306348449
74027356360737
506675637833239
771217605309792280448201923976968088254188436994
1463463989628242524500
01164398039082125318694688
0351763242807650795938176247447930777887
765256270914125358975141840042492754549454115
9805435095
058805095
52107337933514
000805329691
9
68274601743941221780002781706485082120383276537
4791129458851
4
44114187676765931417999176786
2117950033730118440754853065298840058538
357074639154799178
252730766235230016907414048443019938952774
9186111967978919010852688303
86179182564944581163761298171746136236797
166402810979658
681238442188151330141
278615741595782916290521
935794497176
81
858385704764771665780054726503213010225776784492
9287350108486965571460300
643623775
831
706920953827503204447023237639924357917
1035860772319281738
890766869814
37925032798521064254100548429804096123541520
0
0
572497576846173932367802871
4839572366354540582490580723927073735
6482001163058124674146760427
84260275042
9598920942496888193673044371012609001450944003
26756405011994840012318690
24485899961687383598664848951318
15119974645599407867296405203
205673215198530176231438130079246566
74745547075236799633521325033378368078345334588
210100097413248837858181405
623012526
688907003760951288751575701
89954058255580088349
19978003
32012886082175415308683447
498200634891582279
66980024084007612227009396092473055018808
6013356736650634228619232768343107416888
279849956468
23
092190566347799189499
8831833733990
416864530824509439450616543
6085361048280391031370873561
513819067450308472663328361929636290509
316090037247224059296890300468067614
18324
180001470157557478476670078481227553683692888994
274441622901467473524211849658
7398560481463812845734845290
9435415743529920090561224864990841136452582345984
372915565472
45106303474488011417494747864927248868202
350095754257732565332634686809409683227761559183
80515368486259221395291
7435922625159388290127300319618331052
7
61
19163960773866173696733569469218903911172
65141556839139842080816719959018769163592
456499500780417079570581373
84926408621227037634759191663484125205
5536427657521850467249384107424726315410465532
732738517228565762908687327841093970201787786109
358739981096558
23673674268556518
21852082795046656099637926948192830270435976074211
768886616882634871852416186313
22797203874811862229400250133876919326604797751
84981786285135075806621126812672487373249084011574
39177
3
418312473599516690912840007140
7314201528284162679284243240235326799926175898582
550813860131
202404071299393561263754058564153506
7793145990520
532158770223456560388907641487752588507
2453297072021719621683427009849694
380769939820086823923894650025878
153995855
821218217042193311658790357152416634924743099
80546
4606180680198369528
574603182115305
11714348917950211192129402
73591755021358944640594455048
584458779172877402194441358165
534681
6
17954909306798890639939353007
57009301779308626971354499346525097749865
9
359472003021360666188481419019859635529427899
789587
748583265170
6423704645611503601444789525150160339719
322407
2923722823065606365
54
1423796157398922
46716523847231496305791527200822640813781628799
7206144605364121394966913849601
45279849958911085
035564
85009787298
705767579355
9766209053527989180596466
010395126428024801124212880028656409386663861
74991534418756603807822886133
27467382619502586545401976491466675443
9201049374420506637786774637272
29075201184960402479065826237880
18300304323707059826205689974367609055195205988746
7932464803419471394455672193048878537054248
90083425753455535226557274222
791600428457403763804
64284664616567734264195493331234553884043406973954
2169694877365409334462
089636841145764239
8488767387624276
8
153540679269443468980158047318721766
23
676819542664254
607508853349229771628808656790
5079296419726024771714035696028487879548
3104856269351546890653700828037813739
755183144083837957623421503457695
0828952452712169164886627187118158794289982395
30911923492113016315610550307505718
9635
72011292007357076914934803
8538173956652717077399186558569479570277109
512580102788313106
52527082377
655471754663263769366101966
223970690663
7363858412
3996608216
2659915512727650713
10130730336930173897572403656128
308518398495857322698460469636710050633187
6049255782724
24062916733734136899037774478132362621349475
15344979935675818239471831488309
97636091580845128618555610634825707875621650358113
13919502856550355534928791577
13
6526924995145472443946322541074133577998031802
2765872192976057325579864507878485192788205387
7463379187112717032005343920
45734025375700789005203213050651011
06399902098141416106110242226252672839991548
45080971
16324538904170
251288315510830301870510741669855739591287
2521
397200569802601911
052342451710924382126687098541970489846113
01807514731814406514348311103445
0116641313332972104424765365316401837737130860419
3333838478332400230330795
7983902217746959962800152969289422298944966587
676160839283
13884501421990258210817089663600558781
5935032218981159
4218144252293683717
4238281338374730149610075713
9501
88940112899235
045608153641267255748105799588701800619512988877
910872886863745963945
630981107749591174
584114730764
17683131857613
2920288549493398204922016305745980501320
97892703439948880015159091831521536805817400
50105107501599854657041034115055747567760
469689475645116082612975417049945
339193589364268961790
29524468254076
8435524731743980298985871329182082
8386694405308824
5819513666754235272722791981832
35249902742221699
662049390793
907011197744959
424038404255145209330489251058735388268328115218
652
575585439695
447310886739605675326835730894653990773832079480
5353552582123308715863356097845813