199618605830
14287340421515753
1924767331349721449012478
140
537335375176883549
7740763032162362
0586060
27805237925955
007789300320378
496800587712168668
281628464877
07283405
7942948771038
2377221617632228352
243849545623037204
6146095451527715449538
2900
8543254651330578
60323339961018893
0874051657300663496600
4997526290044300
260023877091184928359146
4
5253968525
4184672158
651855812363063690794792
973051312337877313
550
981
520264448577367740
23
16357
41654344349637432440
471874245023047411687
3671837987249083478333
87260890268609135055539
910
1426731869
3269876054518
18018970
69292
26755448324079
87447
8764
300025011627555
789291073720249
49056065450371475587
0368
5
1
9735281823
6220164435349328913100680
3156359963976433636
2055120002224514
794
233615282193362500606
800352795179195
1
93469965
6201367429387037407
3795884
2799234299885196
6017887018123
62
58790609366691579513219
5168013463488995029669542
863604215
4969986211288
0870853
489
164829373025400984274281
845049
56053258527519829
845401379012
18096750992868922091837
713581036296017722774509
5503383346129
29573406509780
8546
27830324787393785967
64162840806616603388367
75804331
1
341
92634760739052129942039
0446850317428869827
9696114682626306
6570384225881438
0578308217315636
62463674129
8774347159
411
1916037260943923442
67010
89469100598
0656173
101
047870939572
123665878
3010908196196861489704056
6837131674809884
31768
294
246412
0
7542546637313080329
161132
0
1986920124783776683549492
329120865744307831
104831244
95558030359083142462
494640459696143582747069
917170029279150140
812885590494918225148
657
83816746182842025
8934644959406655
49
529823002463819356738
085570295175063062232
09156265517373952164
996
5160047230502865
74071171373707547025558
51516923861
86142551962
4660406300199849936589574
513488
590452206343
991494
8515970615497
71161171296684
93
89901680651278
58826605212510
0619592453127518073219
5312102475588681737
2076384137274693139815
4525
191335592
85972323083138627
88364355764
277
18538871
527864638784166210884691
4166124319804497422968
9755081101157125186993
3794
3627303199867579256410119
77358408616277
6359690849
71795205
286396
3419945319986250272112
46046805185
7120956415685053743
8671181880895689951
92299276950739608957
550348424
019533024678903079259
67
9
768148274683512495326561
036896
0031523890448751088
4107
88429495299
020223842896826236
120824
4181275
76863791267189
47
236590096014399579330481
88203021181866
8420113118
0526579
18956505836
12
576660
180603094471818362
57565562833
87332033989151257303325
2511171271
18399
7946164125102462321022
8151241
0412600661054
071724994557992231170
103730113858823229134593
09244336
48851
520100122963
275943979913782262775068
606629
41050802
79419
736029
04602937660497
52839