4114495
15
12955637039948559
6633821045577
14265
4386975
9815518110187904
6987726278
9787612002027891328
7894550884818
24259532441818733
94662
3741
017223490751876611
68
5508312854383332788
13804524
4035534763372
1225183
2269785718300429917
4178744735571863329238814
6101694816032561252740979
896100972099630
3918667745
2109867330204492061
5653512569326097
3713949581914210
7315641786329456493731
57
5786
6684279401696828
067
760682810406
78518217535165373
944291103016296947797272
5700
702375405
847189088941
15608852424465587664412
35347487606
608888866905998
41
657891800405732
57937188376155275026
808334
9359411
291373792
351526784186939
65
9089625825769848
305
288
3149531038341854178
2
69371988221
0
140468842
797
73527461
31045994566213259747186
07440908078716
1146412
6526932760050777237
5476625828142338951834298
673343046697107293209
2170719617329523
0
87492801900976
9023062710625777519172
5553009197450117814713359
1173077079937
142716551076426
865994016503151097332
48659121790712491531
85
7774376180
25250
4180410395410
510241356730977330
9111864161104399457263
00661947
952061
72406355176866914244
314114714486942
6331424635202834563
4067397273718009386341
032820049236436000572672
427717297984
940311448759
525271
95877855
10250289583029941812575
732182781736695493190709
4359
2925303442466965839033
0522501325
727233521697366
804120233870879
718475870050
3403
84000
147337862537956275
380848735027413315
0046997877354021355
18153022017404497
9695944004535215468567140
78308853419099303898
52831727613798452015565
04288
40564763448
814
445
130423015665
743211152818
13632446054684
87431179
396381471
75916079
97058883408
10206832872
0861019
176944412831129602657
15407984330
45
9686
73
1458249333064770340
6582471825791534571246440
1255076
62017144866454697597771
4153565815053469547038
7506275783928554
9388943937757566559232277
0253973642440849696210587
56314883311668
3386518425999052
821925262389155
7382252295553176859966303
96101
5731847713754
99692996987428
87928259075907578090
4409045741888389548
98127530083324
1041817013558448294519
251
2885365902454128327
29811948919775
79593
100
5491944698724820
10973932011120469515
048970542237573472
458403786851705317827
71152460671675
9
227605304815495933
7196277190795067594525
6555724845295093281120198
3374985156
618213410739997988084
9814768101647
2266
8207
21938585212481691255974
254911719777935379571
11
0609788659
957342852806
81866
72952382792773040980962
655396536
9749128035086995
200
07842186473807368
225397635589
360475035076831800404
1013
518362680555106796072
91416953
44967696917666
851353
971084
648101133029
545
9693617666315958398101054
526
38044629312104
69335593952065819003605
448694011719892530685924
84238
0643355459691505
2862523
941582177475099686779900
13577582387719287
6832692340484175
1075049333798571543731
757955131
988096497427214
3981644590584068