05273584931
39339926008198752120476852986406269062
206060458186876656384544253095185942820823809588
29513017671412478784745390174050370725396598679
751948962061830173092
134952654782288296123300741225623676
426892294512805779540019532047414352613423076
127
6471567600394622767440677127
8690
94468531601382931072226698603232882325
7364785768646678600577043889227947610050
923222062117963385319393077935764548500270758
8478255190424030297932469
345345235184455005139176145092
153741933
455786240824800
319512036946
26544575240529473377668
0
4220347311232343054383421359887405998358169471012
47515269285589282075668877
59241671807530550573472640617915222404863
44492603464156037932911154
83264237754559908278553792248944839723190982852535
66942848545031073328992842
95874533810597259334977398731963613270
5059362602
28158824971825700396
887103379130603684480166524778604411948954355663
3222336220982655577967
4835182749106310701065761
19
6382183077067241662387098478
01366642176294017076728848913937648840843
68854781698754831456628014624710268787981255
407482356205533
7118564837411657016
20189992057966647592277080959641329
62391707207645229
67868713340621393
926410090560
8537262197753682
4000700
779608623173500823075857473478560428
488147290583839842761
2362551210058365871096624622917784
7
72476691746167046939355109911
1882617625129926425315213
01301342545852582138760278982523298945126741610
261153478255789741702412640
054877073653127382641502081
877855267955690400355787247301039041784
4260503803696089643487278209255994373055677556384
1891110038305226389686482604
3615408416362423345013112436356984255572785489
103755600670
1078122
7513812929
0022051510280299487521679526
77772693706
7108864042676061479
419445213692250817419997718
47957279790786666
64579797489869121874650633098087843441144996789267
146152813514256242738416467473661981487363
231840102041343587006194709404691245751652915
905175045757786
04223771058800767164491761442385574144293
03697668164976395742
98551303272128670166
095516162468027884
3162118014586
2278066071513482133742654438261762270981728701831
80156966520
041536195270096127
9365994808209124794788701516281352395232
70936
604673379197554255858113061712250798884
3666962182470634542767730496955934996958
068946721093
8375714314433448219132139536821
945720152
6992894
772267259488882161271161167087879456
656983876592476171407240730473300326318267832
015376599677592267607808192
52120011374321166638290909534
12533
00056597912015654631256665068374
9627483507574763565363557527569335795482840808
7134605
8223952037930706034806123
55243982000165663111
911541856578458581
12655692761213716958983182234387914528
610626104680942633336
381672
945861242
4173540915831952588
725833922106403894445
6609101742265
3962432266680325038984740349832450408656
71763118161181569446993230130
4529420675719402745651977011573062685
506507816958424666886584
91343847590424819454
970457756190755551454220568251278203932738
755143149827769257972990548
433667266791920118282588269
86648133208378296660827893256842449525552
373
051088771299
03155233467515401040
6382900455154513707
2278208899522857409670873307411
20551997886013269738929228731294964792
0994
46549534178692889124447024076078135160124
1833678988637718055058128310529450708333312919755
513626412961249
7685073923
374025577353680534924413405852262551393602123
2100465214572138422767867195852910206291988957
2073535921575320265534152918160192950
46945137171046553060899424475015302
1774423
47114693154696921831965262601012677044105604338
796632963147354601173301009534663397
63014922258038311482236514690922840311940
4038659350725160833926595310067557910211108
637952900019835931208556176310661877346
92
08072676440678
98434120328259408733
765468966313599061316263431847434157
3201797588
4169438822657605231
4918865211127980437229195777527597149270642700985
041240594698334336019548
6702925774615518466637397341
5989605047811074637
6451666034873
596147608174799215455288102989572838554153221
11103402451195586863409628378068898908882
11112271275991985260
9530668822438
004019053882188040
43949398455637462025000923837332850680
7657414175250089961228314070252986763412492
71370083955463613628601470109931911
05887567064455582138994597087360871737522
9474858925
519302874335512835788684293290662851096087
50439722872865267583920174200013476759325
81112
5806
4034812024549512665075657622749
3125276705702161
4776034677554570607950106461515407324875
55
0109561106804084588110709068352999224145371568098
80218506254426534669
61
0587347115383949839233415937240831489208182622415
3265897782288176852858172284319
34784617
1294852497328148409791394483087923923575690372
9757533518345
5574722
8956102045572035552360676710799975525839787001183
040953484735198168198369
1717778640
83503139337569642685362780024057844623419471
1704586268183770090048337
498048580073776863738405761889
3397190459224257
855920033939043392835207972906389352062581913410
926511067398446410
44091468534041984292
967453909593424482317081760130081315851917
503428819126418446291114654538535
9359967696190
31029880004592044013124433451651290652914114
05532206294637396996015075872601
1526856095712581
593351220814191624338343838473803931479332895601
6240843179145754491454198259064008047665442
3917843874956059881541082071339
118090491963915220929768535327590082356626119
26099879452935616380889954
62503122400456524960446258366006902532865726
27835422117791535444086068883084274316768
85191997523118113848320828183678836023102115704
715084
2
5345286910168601
978834215638034094
244199572040