494025084522871197188162255740926
4971553656854388595879596093868658
2596264304924460620975237925048248050
3961807625750287133303632019233762948157019951726145907454
18
676310539181090420188807834434798852
68456867088326
3730136893433482994192746732931821612401815406
70385294803271798960466822852616688404
6643700124935902068478486619155486056104787674842140291515231005640241724981227407047667561601970941
4586239192143887458225854425092853026278473783454419868758
8308812572250799591039072771616
57768551436115517967798434825251892202461510398920368785021065602090901
8629330020649464037091030254232184129453686805024802099367183
098370248490382826620722652477007619089731538274715960940651193498
912952763
3530871320665278515505090024136123017847006135776
1435992006002939180591177657639464897936203609857556050729318408
154689861465815330516665473473826060575424356002501401273603285685589231908905195199091452833947
97698113194154
61538218721184
55211684173301244826539126629731721203426473
66563466475194086806383046775812695951282875850916781716883598806
7039
78472495093488748833970716243396759415052321563307934881199178657305107395583756
3631479188087228524678
1015805867
173307004558461209785851085855700139650666
43008518260254425167040203454607352462495165734824941520384734118587472
11970729922501535375
8951837699536766906495227043999227165814493195029531264146047571850404021765797897738016412
5042158471082541
745560786403672930213429502665268299766750586615989044
8776935959318772005358299615005309604786040244037702799065246791532058300855130446515754651758
4143330775624778694258385035436884495876707253408141821
19742281320885168985843006213483889662591399186464717625872933677208038087606550057457632
23385
34298919941247843408629833825630633348965767711342386211319135553
3747963027043
046832462264369391599621210857249590189521249036530012901806605476159227676865652040808677983789790
149027107094776889519678360888507084864198741113215463957350088396409522955668665
3289453232518146476030492976380994544497837987
880
8918249622608637155251932589959872032489046848646792564912
6590771760916412645442633426104622960988878745224
3143483771596694524
50779165712890
61219907233467453580235733800342647714948204419046299821857231862012692850483406
59007621644764955940501769420058
334437458064922772
4259830
4768488507779574
34511802921535412275726710930775263809846977738799162515371
256012505142084728662230157420
00867240903802072411663417438552632490543140404154588661135296900557798604098
71120630012457691815748192056016699688650698888256790126350329821125627601668608041696538
17537142742868846168195767773642266729094666255353403679373841834437177316570441408708076
7597496076
631198188398942
592735597
6763213089541349645760183978523012602723812222502
73045166071886287092738247828350681
903825826714392124
5988059505600782385781403880423708840425572821362748909153763925464
5465384082941445824930754255411
8212012177630879599832841828592905734987712
7121051461522561372230
58433524
166632686829144663183462604230
48916560081178804458152609437
85020038351560611793496739838371777127534973278479413185798
67709458274467522408915779577753794962464423677792618064
0370732110116
899645492959680373118324793873747016718015088014112090123664793349898197400
8943540178874299880806072586015461499183293675411632854238999857531238122663610029539083762231294
695591488565445072404795149448811205310702
920852544846289555965307801566
734095
140322630065220770250111342489570933348679402365775187141816070583375316756422975575936514954527
8475283354405345990107621543441594923403224551874785
19062222659229010987387211346273235851364
48106926753444257867064840181
81019907968432375793960362013727717344445830961444061239614601
4086589997417925129214738189055216025361686146670099973066
4
29323146774741220969403
2892785846671692081245058350971181489853918338389220059
3012998714031857
2217042367933636170377779549438594866413640556091389003570823988427521596410064882107
71876661438502632305825777061790351218110284420591033
706956875495997451077033552469583571934853648667675
8708924375130288418969190462833404070920009274656583067871303194620515365436
958583167563511034708526967941499984273106170621927275527852248449483520929
57486
6281179295019605012429255151499503
7164634942659697845141488515226973408911
840234477811859929107533436777541719372538279161395215050157016929053859009940
943675134672982049839704410308446614055327976857274827780767803165430652
983543089846401721847576990808104
337666747225
43118507290808104291
19429933265668261475571208544425923186104786428971035020486185833195547533321
72116810150
197752327977896319530052148658831894502075
4982451725906053387167239862204125085125430856927532553407495311504440996737649554769420656163
2120496772957479162534023222040575547868512064695755405965363280500
191352907195163403080
1440033625009164233105180049693668110657506459765295225464240731543235148458315584
174383145629225237011845465090671552
600207138681127063257144266580479277004443333024327763140615649020010231
586961041098378125557609564673335
1989373257807722267117915097
4097816213374534833623290461960244183557302268912
67677927281007108845708397512817550427426077011720
55
73439454692795639942297899555477135670860441118432121552548100849767196418718671139714970083616
086060231010059573120197019462179358917094947222230592
06726
0439364335711351505017565015947136
73862582339793059611472054828716818017805399569574584260287962
836577520704381119382044504159610815484186094138596963530894145244970443950980529834136
593545029273258167972464374
50479510739857283125064
6888444564109201941502757176847285532640171187
050529676342317552335546529992685569118126250356922600707188653373199
55012505519233610645178130755739939176224334737345305263955471073482001766914213162546727881582
1564258660996787327085204261630506014426516
50377343653046300275213608875777023680468104
7195396422317849662884303530724210066120792135
670892920893210170486144517321533072387986435133032819469868
482203309478192385436318755198528734160107377923222365040401839
792186711070731856658973775512117602094525713518218706642382
13421635078337295862046795
16904916282112047559293636936935949769419261866794200837479375
594
62455835362406607430
98237007469869091832894581737371495118173760
7646090417923126901553273653480206521667442509848544
33003329161307339273725741609606345678024321348436454035002939812585494251582581343577331
732557167245627338836736402
148233276412954535331471737866
7863491759601917909259723215999283545736
14248711572440859743860945363244760377974602638982464501650516533088142552363
5696498795499467743576287653267756172022545358793164026806401460566471065694763123621049645386
42991845936343621180914855571766658477643273286901023817257667787534002731612
30053
9301715339320008195539619157899101038345826838490101747601487920140709416360049712532
85493441014378973740437040158670019256308988571731355867
706694728708231803
240324108006933732243
281258448682771712133608774652851932990356321548839319116857461283817988753905657064194080010
35099010716790596463802058429042535
5206767912070894804673935014377321112
50806217418299779736355514834807201422340671527752387719
2585248588421
109
337131836
280043770298050490279893399798959109661560501753915179423495170936
61231863868871898198913302298355152100175982368141742829593220682315664447659602
879137841986264967455388443823993455693696054507877818248631771142254754547409016620429102315896
1418085968537
2216476156826421296198821676336
05865776861979141
85895062126106652193304
958295399321152673141507540042032942120091345487397041961932358913046346248127938010713135995
8234767734933430173852949330091527958944540
6108815315699500815707989284916091876129887599029192575869793438496301440
012962559075084849023092673271505138787415472195690237395060232646779717300777042
32348107092808348374826245275635621750276
0453476817991858626913855071341960674855717012190199085624291536432112912493763195740129757722140
474615153815940244393338527466854566715679815871909858739118537
246362364798626298904328848845164
25672268513444684810234458127614179425753202158925551259141
2179460634535361924
2974110616231733160001701538595497560
2501902283950834747179475480094780904905874582755
06812779040051
72504311037826959302065431923394803550340308490661703279423
532013125141484614546727643184907532773226849
280376704131351265170875993046336482041448670326243597382233228593767067
529295882629419393711744
406943544211517823462362449063607992170895648193387422316219200197212288393103105
285137
43662324657698944303
1415382567776761765016143975566813621758426561612355768744831292520036564044680852692
75735570206564096550229
14233029191517590144
07905723883527312896251389426905
1567841850553660257272849923085042935501064878
29128140
9941684507894846503685635498299908
79530397715639404372283843931117695006266370222643684906279553532749146419123
61532641692074167561089946301855517058007070123337738436361807530287972224196831594618690590049
898912353023430141364508451811260114814505397097927957881
0051064874739453779006487496690488265290208771
276899208091736406623598035594173026172403271871195713102133314519033
2758
159968833355125137761537461465861422488237196890082348744858704
317660145990
5931751879901094629561325816545