2030337829955786149566038740994674106804043091
682514029144683107876302683847
8811753460539
8466028012378867944103146353743275755724
599208486215530848229327131475362286928
96
213941264
526333615055180412283
60731106194483313899016739413044424136379
63961552092771275548687692373082515487229866099
3277432
572
35286675870311864251379134377190
7885965319885512313769037157874807482333678741
716592745391830079732366847844
340631840113484820566925594331941364106021700024
3362423
3872188841397926378300630914
67454391019902653592
5374970979465560882983713
39726129806284795
8482016526805300150114
267399371241949512813878
0608537000822445605113510086
52947789692688
8285174811264332149
9770041329
7034020684873595512741950212715219798444056
94824
9448191195746093019143
680752717
801671289091401
080784275791891012687314872
47777651350
254362102
56267054471051632336
274794486083486888998949240782141
27270898016497752553
482859810692707619
1567626462564704920316202738
22433199266066308778087
6697626725
57246600427793227
33
539639015502108712
7373887316877012
5070489105231639094035
6817989812256114217578907598943595607632
229375028951845578668897962
44805347616272007495
055824970056560078
91369376502846403857511652278020312536779954732257
89098476954038
3392
0719620297923806439633280537286075481427826976
178061874715
03932723828222176466518909676
6870022198348040984604789648494
1136560
842132767
99668691623546435
493911708703800556
07599551666733979355680426280503122906037
6567038411
936699710135595584700981005371933249597185497785
245157883
0798378
55887032814721107270493995940159668
13838987221966792730006896072930608071944
8016604893704977121826
267361160953429116868821185676235730015305244
8452084212809432642167346039273662869
87043461287544872490724
280997
6667519801610650514991391705866979272505695669401
877260
7304800240273235158124834573518836731547087
386768322881
515041743240540355
5892701809989163712743449227511122403977655090
13770787426456309688770400928033368811759
45601867512921797349211030816459234651
4902544476427682909
39889
4534652231
69752077901333573978340031612004
7462779689249856662946226698283
026348422696128115477515669603317694103453437415
03378106719839890
9506770145873408587671553770067209146035455
236567
45478847180102365020973
12613004034711752018195279851155827871
836503779150460622807915418770286
3109276778743493561290872692993402729487647233
7497015667677130432152697353375590283740899
62077720293753786276663702864425343127
530744568694755049524690045989225594910015
9801690512020590356489
6433157299542686000450186
551159396100903661247698
13993448312
394510119265146999166587150120221
0270466162633329606743860468832399116787773360897
6142655292
51391396356898
4039647395760432179282807018009140064
398598245172955583512112764619517009135329
7888210491077742181372058312345
52916252
11463061
6337225624209933999829027240346367399365073834379
932161944848057813695
7425938129173632685059816162833295038244645
3532
812598225270081101198832212528569725594013464418
96120760919520655064457
3022643878055157911318817700818905
4033017916030605844711530105667291
0799971818281168633276893671584699410000070966
12361953285854650
38495667157559208709252800448678
18846128
5
48345218488123400
2
11260141653775097448743224448781140660751896
919744915
0144172277009151553043744
740168469248172711730286804309
327089985648062067616721196586262649727
43101648883290420
809855261830846435937820569118
099242470665529107820603665287223608367141272
91411249318073
65068865531676624565925429894243201896722629
729737627892414048984677775995395
7765282617184497
52641944220716403738
1013458
244791365835193990525008855785406403632912
9
5172611
751792808671807898
16551922254589894
90171848328527143211500219125182683365
9553765099765193
881125712942392973
3277900793935
5827551773
29953139957017065841
2417851688
13700701143133951845744839845170592584375889314533
224130878852838793559612234623678475
11
60409659056450645542466529764752081377286
6983109686461311383735591128322968466
421573723179120121613540833814944157090
12431726567753778403554974825821322901908
049364769302643597315
8406
9534534108306228
2561694267127967588134676911684461809752
983631543225775702216565789740279
30090
0756
5612530882665716938676132069476726
33
9307
225541339146752754103769136803546171175638
5211717805
94336434722579021727900539784
911111384622247887639
51520383562223555064418591611358520338697240
69016131120
48995790723761430597451404917093761992531751
7012187926789466174443806011556
545
8334911493294795345337095414823185629
418262500356
30883261480216823097482117
153553041239569609986746059499395031791886352
5427441850651911954584915819350650344487
363689
72690045394505
3697921969948111630530148838376552036293856342377
71538763693439685267
12478874393025244723
5364551048408673463302773272651417622650351816
74893479246308
919657553067617744553
638690417961
46965850
27054
286581796430
838
27023138974350253156189378263575731165989358
22910277097827018606727
056556968224887402
38984656