37959029
65348177184061025512656
46
170215093190532327724287
041430
057917251014213179879
481163989004609573916048
1744632220325818235
768
62491
3127777890908985941062
9851910472979234776123244
36
2712293
32221405835
1868383227871088538965527
7779818283023279167
2257705030943876997451288
5122564
55368
9200609
7348558884790
768960986034761614614
45596998214159244180
36171699209260
647930
57
436
064453042
7587416331755239720565114
895140424708487321
704480717709
128556772
588812140423628936
7968265684841
6091709344401461761446211
469
4271389
8752471041
700262791398427087920
042720533687266856799
686403785454932
66411972170
9663239059536222601051624
40931945865786
0
8688713147088
78
4
302847842078989010054526
9858595023340505035647
8542
2600337794171354903485
8518891822044455746538994
38369715
3955416104597408443846
271056692518800794
05
181525
8673503613975666
536
302076
222
47
770
755520153912
41
31082800397634257099
396504055337090
6483
869216
7596720262689419
243857
4580969
0850873824479
9009834
7792263
910594718183498275
6833885244919848066
0249856811876444395527036
761110620833
907551191399179356056124
594053060857436
72967860242047414
6633310067798982737637408
4988216
70
1493829257576
7345324415714352911644272
6
1224546776507924793165
88154310
7731206352172492
028794345281962
5211
574432037
1052298
65906063596020693
723
6479026158004023849
100102932
479621969
2598735
7103108237756592941577
02652
57902802709039
43269544412041692
704721716595
3429311725
9473029564604510145
41301457150801685087
873186226163
4977747977317263148
08791407250
1678684544738752
360270211435328114899
3288803193
24544850
46
07082024757283472820
632093834483579387961876
10657105981
9718
9018471141088557347
61
46854
563831046390944628865107
446036
2914813
3100124
79193677286
22928018653658214029
2366330109212894504152
1589909632898167610
13810249356883723287235
31087905212454200437
81225782711844081159
682
2007020930375
3867613091937
308718648462272301659
074717692505291040
98714241600085791
1
6468162738287
84118558071958
2150247262584233967334731
6303494016570732674646
415003407802142654517014
90637257841651523
72632740777279943
248778942
416776355451958775
178144063793402163074
19
724165135774878459390
215447
56957133298315797166045
58184863887766845036124
0611
110785314571302572
5
11179106869387
810731901101691486
99083763735098292892164
77039
95650869999543633213
1086424003505826900110
1621827052550562721
5012206843739861216855
683
571850225116736350
97407605651559
35
79588122
8359
7859786421
214851143436913207586
62914506235
9452705600781205
06239308602385128
7416048676224
43897857724857156768
403171802657457
5451
18901489766496774415296
4
4878114884014007883205785
193208
907316832360061
612943395609282949734
1730746224
7497
13871612
0606102913937635762
123387246
344066735755598273435
329452548208337013
047012935065887353
13985677492997441983
174340175975599
608731741526616941
5424726483183742427186
712495004730442
084654457421458468804696
842522539682964
7
684386912
5642321050460765128512
298720390960560451350647
2021271262536817686681797
892
02083287012651
2305846579291
447391155161773100258952
35017090986854
50201980
23661711750098172613030
97617600230626173
873176216385911824
16005464034482792799019
6897485718813730531277
546318611225
563798482
13799431693836779
44372793586937
5295346789214115007
6147242971721042723
0745543
69
593115560473858
565010343383057564
502
18203307473
74795985755413
295253352292107152291
148724464184732950049
218233503920681456966976
622261763
98405960082561
94082151469805012235572
47845510
385
22391536305270
256079251666747
24361059239787406669309
54236041442288
730089025993
14695974790
1548920306481287852
077353011712116517923068
81455
4096166357
97861627
231
805378068
262429911401666441621
9739829019885761107
67706
5022768614811199706916
6249
685653590
04552844336768717
8701773404
558
8504224909
044
7124314733056145653
347422984880883898671
67
14352469
05296396974190135096
166107081774986003741667
281031880943331231
54376794101978
576143813
931378206833572
788226116582
07801306318
422590193
354390336104
073165330
5689810976
783457967
43813697893286358827
152200731383
2217147450191183
22682
4
247450580
69369995
659920065642
4237234979
908353052
830
060135276668
535267
9156754
19404888982482128135526
511037375687
9360429416876491397440722
779364
994877552
17655395756
9533187577518204341920267
944512348573985202637
0526820605081156051344
909462027988
977366629967493365
741176
87037150412925659628
272867700934208052
5971567475952
2131844748423461425099548
055858
207177930237192005472068
06628942349
8225718484524134811
6646626940329517242638
5
99631030919217
432304576530829412
103679267775566007255
11366134193561494
39927
211092392855489525547188
288271275470146
291112210519
407306324202686462
2832
4298896555044
3609
77143898545023
71609444
99
238946
9428683436565202324198
786946297068
206923958198178
4675925570425
125776620767
2
5649923436362015957296693
9097824992950904126874
00369788919710
489
6886240058
27
865556
64
6
399770149041
29174542362
097031
0219497605154561806669
6449
9688264959136361041
85096060536769671757
823032638386
50615
35435670880282
963026366506
0
3561
10804494004632327821
7059202
502113486181922894088
30416406519
4352048496
41116822634882105733
2952318
404
747758
4998984387131848334897493
7052224434886445452838
32
8446
602635
003543998903272724528452
9042207671
146091106540053652392778
179
04653705259619
7488591201835649465
5473740081833270013242185
35501
775798
63776056025201334780839
14968551416823223049568
3795971431131396107
3939236211330653098
74
030717
89294310
45380838
106448846365256
441105
22008378738863
89731713252289
1327865
2253674190506984733637276
61
34161978808174829727
48
3900383
60722095008351
110395395524503
93
9413701697950248628
4112518945126644607562844
9830205839
5394
5329406824837961735292
8306450267988659843534303
116288
6362358233034771
9
580101429962
468824
9391872175852
02
122477033
5272977867257993438
58990035265
086
2178102164599093345987
44929621268644182373219
87444156963306626392
8425427254
48004729046370
8172885264679777
153991131
08
38
27808022387049376
0013099921081492165337
069704067177806740984335
204384705287810
634877977880185023
047075
721860847333614
2556312593838049
2020334938513590
967642
89947224616
71823692375819
533937
42489209459206
93
39707659913582199
825785
2343930990532417471
6
86069134357984033553727
02202283699598
085416907838485
572752301107013786070
922240918
74558187353243158614
673933287043258254
262
38920819278431
57793467524
728079437023256438
03948075527645064653
3792888110562240525739609
3216481913397090247545
649319275344080405168
1326673551
0648437440065435
94504
85110494031483
2559858391697496453
0303779748737
81851871109
359634675012
54278
16534125810662447393
6849964136136292
18
6980080947
19445
973649419
90657
932166505104609348702
679455
06144603
512956
01947940127804965736313
0348930527997
313
6799376880339735
5106536284130849195
8883751727319961520330
221195079822
232703787649115
793186415210441594
7335276658171
36498075518570083
9126489
61884694604442
93065217818647808
175539
571664
5227240159450
14543949557656269833229
218794861323
14561226079518655253
29052753606358429637392
46616004
70211
9
99025048601309980
2804
3914592195887301218105520
7649049
252907524272613318
732066
0908
9556375136803047659010056
2465
5679798293
4613
107
74850930
85721749147362
228243622
03614
30775902842218171
6263509804219636
893568288599801677
0
999776548570454485192606
8371049033929801
3687897978
13067357924485977519
3
2084343078296
348925
3
693441784385821
6148227908425
204203546381002912841194
09058938515223960386
00324586833
62
6295
650054416186737366973950
303598302448499518084
8959181199007
08577079
84227450608470019
090265732
2457907114247111
0603984110456
9054856395567345496186
1693644884043285
010214861975727917508
6355327226948007791669
4982330101870471
487947434229
656389657087756
36
54679367
567169359799
3089682057261
601
64011466382651
03
42597008884341
60867412
495525921282204
71515030347745
296387106350305382
81
4
206
67985511632
24637532776019004569
3
1566181
01079345
673274887734215891
01449764482805886520392
357690441694076185
33061791254832108180
921234262680947727663
051757690369908
8697133
973527901642645
1712874589513980892146830
4952200550843323400856
8276938481727586784826526
9839253
3612462904039134
07
136237043269037503
375761
67023626
1976645938556441732473878
8323
56550771661
0826679095725
393572028
02571068958470980
807342
9207191028217793107
079515259
3990686736313708087
6354924217335892771517
3548361391295172
55348125523615
27646891
1351
68936631348297884643790
41956435291233469293806
963
399801027412692
8471
97229651448
381
0
8772
66688384698502266400
1550
7802332482674361997434
0631944
161088013264179730846
345255986787858097
64
3558939925849372058
4951380051076972575898946
12104733513869851122695
0
6379
64860380342518957159
644379448
02459
9
901517258923407890
55
4451625252554073957
90147458
4589847269260753224668182
7248801509
7643264997303036291854
749829366169737650274929
21313137153
57611370904725
85744016
571235617677516383459
92409624535959772767517
83609508241315
605195011327262629734
423
4006641903
46538927219245048
813
2
193904
32530888251880
4176765
84373
71400110170021484382
083847231628032
0009020
785289
138946493603100753066801
8095886334238
0547263
61918149452017
251491083476
77398698917547760071
8
8653
804
529865615439797271
59198
1192943628993144130
117317893036
792091475295123003577972
553351409740949
72039064229
7138207362685
33744
162122884374150
673477
4098720331168709
380440372
196
29449951905978786786843
49346262567584614032636
89616433
9030301216824860233449
833824
940874369663807
5041463288461
0492
4
420532125788326157850
03390427410754930821
83394
7520022800
75195543535948497
528854469
09396
502936
915103412885403226
557
3777101
304996951466693770909
74467
75932738
94665215349321678897
3029791801803387
951530481670094558859
04
98807359
43091127
15651
5204587362855
4400
2628933744223851874232664
5219257776123
4867878
7572487473334199103293568
24
01990420
22283962051
42910018540114904
27524135362455640370
845603
09284846576306581717389
6838042753319
1392450644824996524992355
66853065415
9651942622150335
8473865532712655403
44633022918922661910
8724497613842267722441193
6966972396
974073967463899451784
64005640
5711211415424382405
233536431454
600605300418374
94688895
12450092117577204
05
62
627537440724
6676432455
13289348270
8594335383398653622005
959212818175837499898
957816404
952227
4259736893094584930947
8249103340561178074437704
86514529539848463601
199
47
75917440861572
9243036481409434565526
30962067601475634895361
360
2045
1946591
4087655499780985478922
54206725207
06620046
06797292995104
8330587710386
0505074147732411
06806337575343441
18473628360581616643119
29763854472821779577
96737711517
945375284822663192201450
9150979174209184814266083
76464
2256108282670071
69335604520508
90246018522469
59575040293164703
7892171653995378172811
97656519542101792255
9572137
59
3632289743435513890895
989277270010
96
3596954189815494739613
8100931913093523706938
036
2919087
599942184696107
230964952649
3538857
659188477