398019993
750567265
19015161677459
76561485994982767
62948826
24
1585127950725
33
59971618003
02690106302265499573
1791145502894043304569
2268850249004890
358913140868290
5108252657072763
148288
215773223
260510930
848512
505525632203411280
3305872193022650139999
478808461
485995882422398704377
987724716
859385890624487164684494
67781604183711608636983
53242284
472447721
19597
751474012214588658182559
18023
76279519764110920
284235784358125973529
5024189176786
6593234735718697770545
45600811
005324255
7167535482757000646153
2633921954212
2708771178621
601868
03328039850910
0155065503265868165
0067610077938987757321181
231
530400969
23711904310140
15854376950866499
465517450861
638702369475
2
28281393426154502198
684196
2467642
64465315807
8954418
8817917776050485004871
234782329
3956759881348905964
4844240813713
3746933
42660294173180821
298665058
707662846618758
766789060238263593
22147726061807119503
81884399446
6183727071633630
520637
43802114585742609933
3730732922469886706
2874109432319661233895053
73989204268576363545135
4650375379747
8072207321743372
98
52176903530122
8
0136
26
2256
4885746436617128147669775
86526592922090535847754
159741463564766522
2937248475047
207596104229742
7390278871401187
518945755745805518
2349057057
44761687806295319366564
8142711502204867715214
41
874123491477043
6793792815255291538263603
1
3872157572850687
2533680790521
04308146032728
0886
752870175829004789561
53853515788637653642983
56710847
82
47782604772
21503976699391753908
86723271674983432246452
7392002363286
088877055442884952678
559081674
539236763778318914984
47
38
427188023450
30468552832829826198895
805642882581476323
838218
4293860035428647960
62718980
3750744011866864315440
2431901979022053716
085959347441056
77331044809136856
3619580693682051897387446
341602965093735653723899
4510671382682258374707412
22037733956612
214893699890283552328677
40485235391609423651
209200576015079
952906217193
1844760841455080278696311
6434
6599085981125
5495054294925
645712222588
22071157
196542662745981
705746832138801
674
919349877536811915534
783311316
3097
26462897975161198122
2225652
59189
5162607529
3611322311751
5028508278781776
366226177014657105243
9575735572069943980241
45891
21920410524583178282695
3927812298
07530688111
60
59338625922236
814
713104
0433683
018
18120315606312
847082509013566987148
348
7
119140355068278162849
4042725802233152500
9
4663536808345051779666017
68085829160155274086
6632389623023776984
41551769798246494271868
596335
6005140507
256693762057800
6658057610242866891
674208
51374820354756669
09495
6585369701887366937486
866239856249720151
661082008
572856655
57951444324
9915481189600
27236264256263089856
75740874092730156085
00788608911002
89479
982172945745934826008
2376760986047427076618
53828
92968879874436019900
710651110
134485
7615039953168055590
4986508289
041
51008543140944933
2520688441333223607930840
474168964
7
06788409322948486557665
85
1617879025502964
4212166370
7503
729091
6863951
4054795703284
025218418701
5
9208154
3929291587886953035645
461311457355492
46504643
31110295391726099
3853960670
12800137617650143649
796395683048726964615750
55244
48854944598562
68600574876
165608914143
1653364289471414475176093
327614011303755803950
622238013097
6067671321655575
755440833902525534
712316507261
799964000824976058067
8750608873874782888362
333035490503936538977956
34006184263274642176335
778464345
578285489932
940216837899091590677
10677788
0718
8857636651427582310861424
006
74627
751207954
5171986558482581078856
01
0761125255487309244880
956972761369074237
4489903
3702943917863632439535341
384639247788907
5892587
9
149395715
38194
00893299302394
691189190
1855645090153610350499
626503470663458474789592
13332015239195782051176
9
7234309483901689
3874
2645640179796205215722232
5956
999740
4528888981025130980
38424
80066
015001268
383386849541782
40
46176
825346646921
393760019581809299585
2163346437979605
2940539620
1425637877755756673
90607974652
382943948511131760077
263443860968127156
93084
244373329418
18230001
9523262780530301
08065458165
325771973
452987408405280920660054
060917164369
009435
049
7578
45
753620594382996965
09316663881578521105026
53762255200588245
589439642011322882604252
18448867330
789330848
9956441912
603662238893410126208
11186
9816701469401
44496
67478956918747999683644
011974349910554392
741494579444523
0071
9564666
3752
96394142485
9
086648
626
667368226176
4624867799405
174104834370
2721367553297
9899516034
2651130467881404811779
4387642877623755341685
70
742337004
3
699159067330950448712183
437498121
56332742650
44095125735
09681101394070013034457
41
747845156813214933031854
8
9151223084991412426759
988345379139
5952774613688492300371
855082463765452327997552
95329393
05491
79179861621403677
130335230
42006423997850258398469
5277718015712140299803875
3365
53892523083854215403
939521344528
99
9938
7131279327551363
2
321322758763
39152975439064405220980
40939059279713527673619
88821289748555606001
1938
17077150395852608
861781983332660421857
7556594917413127074
28015805110717180164084
69288022634828191630872
93716659308137781343277
9
3305831815983939647975927
969827590797
141004
5548292727522576399
3
87189858695
7
27
0800543205
37
2641
3535104
38883304696
6962846
36973916069016585694
608
70170277077084935877697
4819600012274363910419615
6525610651659352
70461570458204837194
512833064861871361186
7139178274489754
15113245015817928523
450574542406
20638
6929
352
91
18653632907
556872
935381220998924619711
5494564286450
9003128507042209831
0874515794289550
6537757919251
382662549499079
28366468848581703
919
0079276867227900373170826
4652
40323329496811757881544
58509449187054702610430