625425670633
08755829226712460299367785921071277
78519517735054073330968079
94875502294343
400105556
4727311263003421289452137613128372291378536720100
1441050570627502447630486574329317015849
710940388160052373496070027279328736226
9823873663852
2219151
868097142199559767479620342
450100050755186357097949440664217871064130958
492866
7228677711482021242167
621
373152096227967278
67355646538019904338919779008442365
81507519626469696827604962911669251914860095
38603293293509202539691222375978593
49485558010977936805571890620348
357791430631366898436658322159490332479
641061469955953264396336116310933111
1092794257910970076476
78225343418132173347942531454692
86286341904494589249337
013082991375126845107488104753
5507
350611799892068973818340613264173545
4892665232683
394746037664976227193134468404041787556512778097
41477673333101797336943486059036
38147
18348669261247612486318
02591799421315381859436019
41836357895122527
90
91504282914523314506724963
28567741836152925626792852352573081598
703419
10582212936613967113165988384941
44729929577457691217
900791074297317144
85603318017217909012454547668354038
93520216515312493538633339436
39139123028801074946965858924529938344331722525
446720090059727
01134656471599099698151084849982015628558997
774207205
90205766591325350220435794988655291475233
855654906760
765155032356897
2790206491617235104813560964814324247
806636123312
294583334736903
935095215500114661879087017910957660380407350447
69012734794537345482473014159610436760479
669621773704793258488408662
6873501994808987568803024466524402
344823853056540658302449287567976233
004028600707314186406540880106340499203
76237243929850197976345029537921
8111953644651306417898212996757275
804272621113347194171439032207527431223223501166
486183202090496968787479314553915440268039
9032293576936573882495472737455516783163
439379076746004405310397484207427071378
284017031405907015105869666
71970371444391221906132
05778609621882885316013700491274956525408688757
147
84292743926587926997010969542871510
37255656
2457370582120245687017636973
54200504255709161011356786211974790
693554446909
1703120434708
6147381927
551690459
84847801668220851249001197011583551869099782950
977068650985
682849655242
92881149152174114780285662721078023117181
031015117914270724450733602640447895769768028
9589372845515789037
81709566386807926259996313598657388
2954784353516942686770608433681384388521702698988
7
7316862931332
820428702098470280931638108376347532
2964
686594880163706740763915243877554113149259
99633
051176993293384616
41889956998208643228120568951899272264
0366636301093810717
35399154468009325355493211658852320109456962
69920678
629303883184588527815532
905787664154561282476140880254480096324
2261365193902992566670788308906
62
3100125656528941382112889244287417828510569158
07558008609338641948085414323
673741652633812791069601909013578
5953963052567058639454725904804520930552
0133496411954085146632181690
64613051050018611666
42455059284208868815910625435500
94
82685
200384526
155208556053884030737865429
3479673042294333541126
6553216339598
311558744209893117218433892
37166815340235940248965536175709053272
24377834054787295550729413
6685144262790970014899966765778408
3
462172585076
825946326486622384
43914803527648616851325
269992022936663654067431595954523216161
98659400
7259
234902380037691560282478055803670
26126997
5090026
520
8955936426119320902288194
06692241068
1271662698757319062
66045844960730934245759631718206450158
653067755302922996
0298653754163920095471172641034841007105522106
6078156921865076200501278376657500090725
248369128131350357721150208670560983580
590753814340287361421
285314005581527739254357
3622796360131212216316624336
6
526421578595805552066444372
768801809726403982173678625
62125573254125369928624083334
33755740414659614
0506902956192264348947622293067756909
076
5681974701488741377724358513131417495277
7176
822957066257647880358054782546130346634081
3216922148659799999881908915028096294137626849
5629010570361508133089261717681719908994
937692133482224078253
331190911775919463736555197293668889699213412
101559115360480495433647850134901658092
66823911
2470451973756709716101603979016727140
1136437749773522
994454656034938442265824105842898273
6269330555946
114032
19690229456541446775171939886792
0946479
1018673230538523737027837
8576816599156523926359344008450476716001
710065211368211
41867870208
431907067773
870416851418539790756
39180379945294143517021712233
7366332697061192911059035508616
245970476657409
610590030982557067189
9642566764560760893302849163884303556933674
526065614900705
715383
5
34506605438294262102002707395539415095601
8245179904148122424514723215965
3322741891678157119945056515
531289891904403865567
330754726128807231642862191063965
684833897785625443602673085126133776763
76788782833110673347461322281048090215923794
5273293573493019353720722966767
3090463867985587522928135047487408784
821195393322211349898074922970
33776225531390077137295028293854500669
53502769587277706535945784754701061481839993
124868725841
86367202672546078034515160905836403
629454378
07401353316566221695184
298044408323406956
7593856697092
38677006250832591632814227665556
2386216412427105
7248749267205
8
4287431348092058916416526606981386225
81724531820929047631098978621762684302
15122979648507803179589786357101191672281334836
117940601351476004734949983468802578526954560
3066198630116779555446362594293868
278589381088722843317445655358387033961713
08017
1668339255537
4351489614112979782035681030474089835313215483287
2203070645
9343363099037188829219013431977286367943381
629970650586901598
893820658378377899566874337
1855442899538
16325090729634372228017
01534726063266983468060026403719589195430
37682506033471
4693416789354601257761976222563717072805556356
401163591395
450794393384078387979153507670503
32010046015397923759800207372877031
725879252887319879021281989052489786379838047
86351582009656775446
47423715906446107865222785055210243169371032387285
335028487456041099428656696383600755506440
057419629
558385
921120955876248
5191638889906608644
49696202825746077372222220463791995797404
89
87195371323
2
7835771487402
34559237418167
1351408888935469904886619876431839
0128533342265977287430786681261
082709
575936612
699705703271379840465485736512106284898979227
8350657363125236226915375254683460
317363311167498473304201
5352893341729849
0646235402607731921365423871328
405938513590443
1617503617524328535611004
50160598074819091187
17352291962013953
2023635241254129782896662651975
0207949257522942057223057946653
71569493362183
448582821278026534890548537957788077
05838621014429819
7192318985117798
44912545787978087503820178896929280677652907
3780146596413268
7457313149105119614886705139774885323
43351350272285
09071516818855975597682789
0848
52
3401869999892711523335916220871832275895
202066023212043892134
8962230350753809467729258590232267700929822
77954
894600367903440202235123659656207660680939
7840649764040360919873468750
77227980823
86047243494930641178818603633049632888670039292
3884044
41
34541940518068727371667735
21344622596648063561096577987913992047336262
396584671280090011018763291147465900975088639188
4945830496163329683
8838
2
40998649900052761065420400145011
33870479537236551471654381382701900591520
33997374610259245762000932833771451039399
4727363361396444825031300467853
792963
6372281769566587136715888446326674317010269737449
08
16158821153670120
404203246963921
3143546328315898603670648780352116074
49464684371200
645871161678206956352560836001
612947742
549128219280859935755891004944201430438
03133350278988329617945476707
72617294550127636518362146368745077244321107530417
91963986839368791587844083312394404994881
42961889523061731037668384
917360602798784
50033497032228220429249755713988955090600238
94025606699
952600654120178575083004202752367859755
13
38277828104328587796
8302742364749885399218267609695019503282587528252
8615189352
4676552971844859619093953147242964818513220789357
35924
38177749791830807710358922968133530171259988
635267833411319269620562149647
3021669161042355003248820495704862
9947996
699010724
093549749731756345636763803372726642723
272592729101625598337754616281987175684306263
9848616209408475809435421578287
2036207356818365818571
389004142935368734285220382341615598909
23493690466557880657863832211708873317786836
02146817567916468456963336639460888505932196
8526
3966280195
603708471805268863
0871699585452174812822907609974926
7512134705865624557
62817199614800795357275226863706841564089773005
71
4590583063797161072632
6535557434216754139406243629062945
05240506896673247
2048712444632607174827072675770457905400517011
43327685304609292137384542797068684701014642
091418373106578618539870
6688502804
007463814262702635487287
1772743783519433248740942929326856089
8602520302461157254899908004860251316636
3462891235965500225897975338915894990
2335050339208931943523136923828
624503566166216072
6024600038262739180875509681768544095
1971313544090678737240297998209
5375683309375353532612378730536071098241255
58844773367361243756239833417829181906927138188
14374883814328499052041306965845904533601313716
1947200326610959204051130740
85446700
2154524327803
9662545
39262123232026733388
296887079574935320395751601464588035014283400
8199597073829567481197900164321650
299894776630789355493979418301268936836389
6588
627905437650907405262146362145878
2113732224505591741261399721
94899776183785248497782274846769479
674747
3996759243097895011875712477
745
467187
3064073607348266873755006097
476023953985690
126723367043063935
395363156722684749053971054
67363209644206149862891943053
650863383542283658750848252
126
96
14695171132178
40007398874131797933549603863243362796634994
983444575638127814914232809544098017
96590091491974449
5063212821128830719284021447
676330434733792618770686913453424620741039
170483966
494464370345549590491437512924582332603
463373978885043723868565105160745774
91674626616691565
310
54458072031654924848070059120
2740326551628592078209073629968889439
225988090038953285065399682135246322735460968
7010581256336057072886890440359914
11710194979802694403901
280039600328291130
05739487396928105573982
00044
24712856876981194142867
640209012450906816422797531393087079496647973349
866922253485302224
416198221
8218335895931889606
254356360201683338236132001264112417
9892422757927508110523048574107148416596
80410897220168840290544251926690
0685928240176585218347592796086515838735635264152
498148460670586515704728244337549
40225944035215990630695112498679774
595
360783962803
00996157410273544135060522623561377103804
448100238764743608745880754121218963
19996653153584968801966
6349568071
18772277894940502714081759
7987257063596356511392451638
5
031293539077058565003666156657
1950246245466673413183261569959778370646066
500084105853901906996728846656907256807
8
8002040026498732
6620153181919
6785350762987500
7763542687399297766526958650426183867
4079254535084634894532964957523517294821191164
0427449550704395737862439065609738226
3130953156604833043751636741382484
04689233644138027499
89321693017860931834990057733900211240677759011641
98405380053565069905904244441730099087846441371042
0665545
75941621486
8991562
3696980
19
38
2352698
093971718805507059849227902852160488367799279
83702983017819282244045866986110058240514958152994
219137695340358656851341786183669190071
065626253480218462447252761202627
2323847538156929337679333726
863925622289371682204196938
34458664123755535985626474233841078567862
27
430321301157999113700460115331285099
7100823188840687396694334650041437918686859458287
4980377618925813871687721038666745928707366711320
874171598
8305385946873982145514295593
86574032669083309689347895186
24327203750
288273307290484852183779837611678482519635
205553715884561251657024170674188918405
2951781385893893470803495965561075
59856228
913119665046825003043597555881
2176381707030490227095337969
6821926765962589670048373458465680995075408520247
8205131885598627950765042
86161407271157404435609027604322700894643534
872028
25536465385
4131118085946832316012964622094206366323835
9188767435348414818310091451367588532265553
677204884994
556076625523127581332404828
3
422282077548535523
0430645936211
9415297098472948985370888464324875
49
48406837781512458
7869036723902
646515183036668683
4832450
02219926304045250489604185833408081307381060180
99775945483284824517365394665
73562945652054290479368102033987804958942979287
20716335800720335253633319513046629118
0
78293991873607
2486356793287525800
17614724861870416101074961740158
95641
62317747064671630
125861702727913260745198
769615469665559231840688503378478389446
06059701166030631686692100147700482252314568595
945449326308079173109727281423882
942
0976256391874139722977096
2051150684872631
6523064293905408
66
0130117452999012
26677198007738146254901088684878847
9
765345
1375877157252125
444657924510532
305971093341166
48540186740887034366787843565958758289
84545473
54108635441208433429205
636977311016
002171499546733528061
384869526
235216117569497316
40578577847446307067409400766131
25063117342001083504570291487498413
68769873653067
84994348005477859652493917891363473
31173538980289762155
59500339752295712976781656523804508593389
29545249907238879638054739247159368968438174315
4578712326901674066134597394
546183483103298733308884801904944735857
68885092888935866040206243903804
994226806423461126761770099956720080
3630651267872525
42797426660763747110507269132080113
068932915
853
679
5881966400435550638646982
004764382490570422180612615112749
751459088251791107094165964066650865972291339722
080996305956332202497707353954242765
77694075740323
59565353811002377551187525803378128136631
9649844212490096225780255990696608964137
4717639333486375039137706750966
79690810342903648158746129134564067338
84492507272461058592279691342
310
98
7577666
10353517169846
47322744753130160
2109335592119579622656484401
09555120025548398592686
0672283498457155214576624090805061719709802
93763430338103570884716566508105
501964625527875586
16196776035707366170104987796684433919372420279223
0765012125431887240020068496801738670199
1
70955147289612531524707463
656
11484437761695245403474
69777073200025562324282137150719206478837
4719260482778489706477351262215
693700680118508847771849762589707146775561106396
6361299733509437983185618139814
8602
46614962248005798092709275448486186021
022960543278206667061840895798
988984
08112
33609012807331066364151531726372367030640816
0417113743584208012738972561698793339224
46796930096431197479004302640471453873559561
5655650467
325048316467
0526405539186630836507825530786
54868190924568334344
230239988737491471700
82306608260610458337726
680587276825350757867416200503779608424478770529
438119738982
3692583069707750547516039388756119250887
02627213540208921191
538643582
68036481495458173933076
45596451
643248065
991457639081215520996053126057941088
003351223511366779
626041705200976136
43995326984856779299760599671
24571
9188048123610090293111297193643283204963
568231046676897554
97317747272654177734424491834
6693386090885557442252492669830351103499678998
5976576473852538756
7892
0739
702368094228
57715788164
7288564058736230010915637846
040
544408469425426886418967026278118960826
907745025
6753594422206372592549610230068144063
803
748062438643155783262093171676295138713402797595
839264013248758754
7127830789540539
78429904960
44427529574579354340851051487
63413765394484390492230986999824377
74192542944786266946621553174786241514798818838
62754945712974453644774316
73344
3506205254834976824348073609043492677386595921
8131856779142487358928675613835838
9736785771812831914330
783718144990531073839406103376130411844238645267
1035119002
43672284272166
266
829886522955872775963555143
78298176830000
66295488944748256125711899071902493022603775
19644399566027764545196197129296351855077871
508657337603082921775070440557627207948992
2135038236115862134
563379172070756472128266278420143241387602712683
01448634707134844566503294582551587
478250116111
703217500669987997391884720579479
1429142570673552288082614611837169168
9887429
8126956710579796974923829559365715361389789392713
1664753
032123017425356035
6310331812444
6011033880338783608659799875818631
907855721524565769649057582670267225
854924315346369754
1018457435
28360839146376369733599081733739730764
77317810698710620734873383702670930128417538722353
6130751469755880769270
897436163041048212988885708
79098475980974
066379921014061173621569175533884
886610985654941871157
8395498835122887109025022543
17506583988210123663960284170
26761290431656227475535680624581556234386
75736039843408518804462881503
33240901962547145425
960473146045745107
10901248118892514685
98762318924298523537979153442737
3
24385886
3562015215695711
12259390
513459891831687123529824198833485810790172
2420
00252577285719440924646
933602244475942145793119889127284700
005045050
032945476335367959225761208714081083716352296
14688859399020682238162709822784192481
7055910139178
46703256316352744975515053
2887806267378503038385
915181023129675557132483392
14677007157150225105885306840946427322467828
4937443073488111115197533136745716126644318173
200912108207360
2239869446747403862920024583
3747
528641566727348970754798154169747084819354
08550351381589537856978141656059064328
859522639623214731032123756647135177173271
26077520010934819612726649421
906781528351967291415312
582056168785895888
73
231248872427523913231407664957109795772076
23298349469789714121581661715287817279136
7492791160403654192982176581762204778361140241
3531999012464474047126325863120979316780961585
027288
2959366602786671769056725042498681
3607384144325865153769
67882572800429594303354765681287682769501
8365643349628105574705236067089545582427
3920193924
5494133741057007225504136
316298456755671452235
438692471593774
203734219791348303226928350
0421989723181647115284329753169237138658798203
976498
308657979001222667844474
484064255499832379085
0
65939527466828893805
091147825
4983371932645555683421132418813660895768086182
62862739666860779722327812212820525969497153584263
73503775741066583244191123930866841577991
45058832405561461685
14799074022470652
7324193695066128265
7622915086699992523174610403059585841
78902
77717975664692221574380
841901769373393535856
204221550849582031801042081296932648096180
02719954513447
3056323629
86089553378201230908671109906714634082
699695768403329815851201355732879159406483947
6570815537117785183337
203345024260817811
6147714231430584254446481722824461579231280
601902958
639877281041365896790625006296947058139443690
6770473630661778658469370678667
4940036484381460489331279532439338162382
884635230174535583715075
24133085724971499196488454915548317
9123902927648663722812970
10314973503210567050989304128122
050747900548957241431145095
086739088474454557761057216554531337337987406
95063083
7900027783734957100784485
313780560877802992876738797601114943159836651
5466349920097880554627856711974702096084517
35977
010435054152
13515065725173914877297
299081587455491043034713055014558
378901624260873039
6645484563064436550487810408751337833465894058
4612796952838199732496057551428025756699243756848
40694
853448980375546976783642619341386
9974245827
492
3614293459643646824266755601624
06049763669392641094
4008094966658329511807
186803461100
9493205059057909983075417370361222
35123444327534171991884779851328486603731242505
2090001527272573195263944883931565046142
845521847878565018094664381
001564192265
845671430512642976112282
088970579300008
5986200130626087762
958153365784559460827
797193902709522323215
5278756204338034
301325409227
8387087246743771672966840715245231858016851051
32679439810270460209355179720497175409187506201288
4070924805532366179068712205381334971294351
587758324500112993
662495716710898700595
790627151
749863217844661904341101866
713884835739052305046956
3070600
079638099836579145761
33198096441349931655163926673660
18
411588250469486569795308503078774315669073656040
85853824452823934181541281093564625521154558
1380928820829320940066132455
096
9443
222923992277091658550408023830133930
821502023
14898818777740560989058080427
8428
29598675966117675838453238869452
5368205596738427682172586025548874163425455
180
38665311512813045595500
0958652485634667377238188652
722625416365280
164
4069143533420327429414605705549527189071127
4272240151782987119940041142
61413047814106174809940455287336983224044002346
90352884882785605035396635573341684
569206235697507560747207795740629436633
876801
323814448371129850045148549
2679374538183870307043563692728711352
5616680564427095207130868681670221173
56833567970206705765089762754508208033011
162052241090791462307247121176872795242047974892
830051963469221414628357891
124575738
1704766244857891353768381
028375191150898923295772726926577723547458163
169114
34606029863277523988837103351191
462354277428178863800610057980
96820287286065
433364377268503488635541616394438409957
76729513232189772509193
07023867106057325865541209446000571
3010434
76622291683821550988327
44712483249365133379867209293757
361055
599364193958629454515137364126388733445371
81
579802785