259235231991052783117
547289
780623202314826161109580392
701542849391698234828243692834563462537382093
82337855052347684177222289826949783017257001991477110138
2677592766905041444494326302863833591823772080346902106
2420220285505326913664375579
773181834958565070608798900808
14655691853828013312189138654819963931
77588
293075862243078243820508345666656729487544897486080227674741601365833268972148492
27584329363883030367130815299224426695430138317198375578111496752293105579
0101798496528424653767508765748033523032049481373854389011467091181934848748212414575513688667373
28992958554975374467087845410386996184858532848989684890462233
775044175961087229
2688597724110196828350675767136080202252817808356783
53530881412255025326390586142578028048618194648580493533963244
624331153618361456350069712743633
501032913132817200491055618308991776149498135813016739624868782525280
363036358095454134105111622472803382161704154785246114555586
929593239421546172948408803801542435203724310582
66177153551147955946337140002553872236093380757358467728102526827717657707935785019
22307368448843785569479153517463188439595359
5043537226
837489183760904967491613223363260639971635687209877973500412762080253991
8645055778481680254414463775730785721656103825244
2379142495204058360890683689874418932354289059
292944163033188060007946096009365828696214921
225770999164
66927914090420735270188531812097189656852955223003122202971919257
00517544809549439393902846291091497559367341827281766
9742465397981463974166497949972801643334
286160597752044517413334163749640475318872378083682062223726183048234466
3508662519
94763730120003098283282241253232021086957243244540724436082
8206155791252640335917298343255576659805231955425383156370207508155666994253475216323653511
0014756524274
204004829316275264498561476
028500319585364502700634177859487726922281096405089860008467036081684759
054446843081507427233119340471303444676391223660499177238269941715651341513780670840697
78802252361824274714062691320354271920253938632401789301606
42819943694337117976300639908824322582156220207498390
661521767363610845082881
298930988205097807304457616085192087446123542828559394661682588901887772295229323
391964895280471638824163320806829103244902629393577252096448874383399860451671231
45397891341333468223215847744167722748348360294560438734681772
8728235521213651885223214403024267
73051220858678765
322900418
98388407872272921058477148747769577542783087217216691591292386081202725071302052309020307648
790057215797474088478010420251636995636555706375190455922867045475362549304669088906495230
431771683773616626190109711349
3504493928370853262491247635591081716157795838940333061668067334839799931795746278421655514
286941255005523938849488907981164955636526524755985202114111283982229604921131594490465050
66521822043112662590953017998912244226804048388567395767825394
7441671888918427133751061356940434060939901567494324
4904016760316540473751743421109238155
9147
201118438326811150196385878964476301104215918099568389431894773818806934038386038139
49619492218970737355448164208765522687682909969370769685025
832636694586515905632632191402013186332
5
339640607991458
8725665970408527909233426669403556205991555186193158315667887763803548312858717423853119087536725
256664566834913044387703929266312827416
4365983
39896
496375938048837976148372832803462140174293005433722628
3967934112095527433415582719381572620451206989933752997671409407279
63675775
8490015262093200472733210781012032819641428615191261457480337360240336404196156814922510102
24547359
155638587783618652738615859784678655
1185242478201945767591171377605382728
81322310450193584326217618373458392666544693268285970645157991770120059551484555479409569112761
31058439903811549830732173048987327483013370422586313942443523686294351
1513237561050924192308838561612555642654247587898723725087445752639287972648529918500
721457397377028376375969528212955838228891441209755543945254109239102121
6730969372304015950357735
3358765770524086334573247744900484111397128739704183181067820334825195154190
86676798466161769196806175460539032142036124604029988782167
08875169838529716325000289611917325417221295206287875400908004990
659910261961886
003326130084188926967311099743708079788834265
9532538632623795451742447449903900308077094042418886679511072713424305847635
3887184116255341361203087682156619597916516892370672293796089847262717
143429683223009405296428594322036025937207333994467537804109303968847954858235891684338309
40882889964881784249805992144981096
7632667715695401580785755057952808972417248412179633144224223
203317714454816070560277745584908612590208759199569513
34281255259485201109
872772727123189897237399559158401216842261146
6158764350
2597113097442687098420141066197
3928359480006953990819130252745548379953638340311519238480086709413780078809409410454654301908263095
9199115638117987772586469232106910053387759937638124130769708049751887361984324952348284407978566474
608267881258830962945966680039930655303734558487617110257556207384559138580678408204766
462323065330287394039851646092570071246673658104233264808795318812294747
4765686450735086004832934152130216712134813887648166
907627
0129063871306995001056338567127491477555472133955080083332125222366360760820110638872068
04547984271529409965069580169137922562385042815710184289
39070354838651953532972364216018486300700471
33665823888742578538473262185846288166814814834001574541723559038401810600029449326675886241
619662603874152629597591416522129329180822993627
78457173946205136635098138
9541250288460278500448099110481583408002239878123651858185880201533738
42128559222179079
2182825161161667
2359
9505711022226730
43348036823823782033820089861258609
8638865793500365346932934678286886333889
0
258016334609410075540265730536853367822546560308755073669904735758744975927395506959463074
12228219789177018360399816380876667262894767696385393339135467316540156333555290930327189179
2335465234515084905015002613725939592181988257796842663058359300751701037778271
34846524275415401076781183408
36515663894508154226692161777053564637884745
13520563487628284098723983334310416275439160716668
0007673258148780189580523405384456513450853169001
5172827280887061226098855868521048798807809605017637826
19814356332671822362036208989051837592457395140451893706
51329607027800130396159262739753655773437465872779990593847159235629287707
2507106737182624098184512988609921727091127036412990142
5779653927817897077789026448203145782109853052922741350968373714257533394713
1127178395699298328909804333813841843
8809613979053086441236824905818008955150760910529124611780436775696304327474175
3123031224650592571687625536536646859096368729
63067086793112777533118342592441672263345159393165
92954837112752984646928543201
47405831792398243474178618615291239692533309616903320937097
19468043936452481931743388336064862548791393318966246592885937676179092615261087647681293
58
40707554067739937026174692884536921293810046320816888797325881142351022143519678008
67404662967261724573975916150772848203671366321422607517506215205098
982704560879651732607020226238867828106663515851507568439790967973559513768045608156305506295492
254560290193212495738482007925237920212482460
3212637572482601797664
78749613144654206414975937247632823444504636822207740317288414924492112494226
4037928836119158895030099828950904315295096436830692745507134044509914822814395313833839355891845
0943239765986511809458541559334322550528617307
300486883441122
06498236650592914715527068879050096968120039549895539428337321813273380264081104172
9052292430339408038705280651574941700720966935112284829
5016074723042091144442482930088496345088953190850977334475218736
483340570516305204833243306646923736497278111594972525716877
99684783
7636491918519463101918716
62757290606981497006084580304575319224962
4845728
013663585195865364666787839551422308721124448052475990930799426870444833
865690768704552203540875914833614806043938904189
1
73853671356810599127575284121039914334499881314994693436975623927133021084058846764366667
749395724664299192999657199460978461122182747580
924476311920688594953619550313254334095818997164198245671631621198670775722035623504338526
144098456714390
7424009596379422702870416493
242216146011389163202559143593112351257581153599618933426671327630276277170495555396714882924
9764079341
761525
951077134559067735989374118245475662826284608637123
644322976814623286600893
8715282927874864520343282190952891076
318136560929746188536425584200319821357887096225664592469552306381563546159070272710302625725949011
019541552811874444969620795392613591489955136841846874428812373510785683233058633998852774
440994645509151150413208765106
585380563825410034358191579691266952431474312565772634875101378963589223846075963022614668270
78188767592441633189454417738648413965898601724345463837958
083856714876130736202208631831030167705648926107328670906442769308929477
78577830
62579585888492184922594689289386004
4051102673747022590884873114359133544361999705466554
8567520509611434993720249930515642293682946444571315037861567184101178013987395643092397774798813
983
787636039500406552383343596608323567365330782835515871279045253878139633295647684849686619190172
1215650010669370058471535367
552621333550226819625866487929678858
1609188237303547214443746412328913693489904833106079477126379671843723596591281355322174628524
7740195291401407524226179136827462360613650321
821533136014837287468141021656706380432788
1323372865255212205091046282062181907203471956785714227559642129666248037826214677
092759005216931648458405687347
95972536712470927452927982532080585980019830381
2916397897876782517
96309334480417573756024372332948981
449
742970795752064808267434572623057046245959
10741921188475881857222481558704977160529924846646845385658451815
94457618898613542190944256531032070707034467444832336286292266752618015706020233249387303
49562
0325078485431027924275953811564832720370273
2638313464232954917775869873178972193861170513460989853958750923232550330090
685044199565823944529038081283443535847408937331034
59948887191861381788407498875786441047832221829986078044100214
5337157195064097225750359287785018214848325711359819
79258675300080719878182242512758236150086273516775736954420582161437
36857485122170989872727421577364541547274115628735123521436756974237560809343974366056487
98444281306209348182684814714521347974695700828047122066522314763486874535645761
787769775068328859057461762224944596246862093609276319737349888203039689164372585698737380195
02022216617357174296946855
670309762
3758567678607681
7805667513516409311755589014509053336084963179413653647585530312217490257743314703539899909
1693383689973166079757778228136296996786926
306007205212
57411014211600050561987547209409814631700195723
30644466418008259430591835600513275962318298098496027510957054965726273738420856665115
724342487293553183128189970710692083098416630664786837429727180820547834620049
2707094732806130257090710288847561927908154739219173
3
725489661938810310532664
4632867
871109228467567255728683363503790501643059161940506383966485330379692
534536612687334221731979930006022
5425684169621566997101061673247
65904426915686681276837538456371291835688588683
460942116627651736857267284145295868499133186173902116581903983943994204022031428345568386201378084
1432249416163297184295615154403755282536185170543298980004019313742698388253619861125700091215681
10525826389881092586157232849
62392
748458087111945964958169263283642026212139281356017188026345155
87799245147106867636000270443101885681254293516442715197084816628
984325603717334005849770284975342196348424660257629916481077955572979300298719677574503567549
45731248537896887804257346059273648387587400847971673241227495400152938097904742683350137867406
1069060551876108654201149450
301835862061635134476624594252927542418851947603248868378752219877952110517780428242749324
6464626571611443510649357544912476669688408653347891230473164251149998841711607741717249573635
122130801266547872659387302900905159288527099504164310525
1468973771441041369675907460326995817027503477290385437425767475218650442190257149
159478134306495479330
512356429652346018065313950914869107034690195956012685
966391502197621745021139747208296270003416698521984513161629439531312068570387568
20661909822890149605785681027726904842864320530838621193226476142416209
154149341453209487941620832080304832293221834501191302981542180742380499
844143091792524393249924288965142665365775761733843493799318060802651501257693411190358816077164164
367790341728363280416900453649905805012720310027029805567394086549522177642
95032160825276391007233503
6628824592402014658725771699184430874037400405321799042
45179282806117917602980852429404987702
6263854392733735918950931826557430077127940
2445034095222839432
3246315265471063915590174840681393486210632035883515730106688209561387713078870301432420305288
24445914644141657605154176027232403499
936213623087431336778761256404857148771818465753806308807514958558763
602057752564710112826649517605092687846062950295344477730412151425503833979511022176774
9332106186894979386794982157283709116957747912316973298263783673794194
86896358660643514322300949172364051144965971514469468076632197030
367965058508932411647129991497867343003451930238146992087857676657476108879238451368926328
336269319525871200461767597621884931960474
32522806631079426994781599335781622437233895261612073248662121852492375248765796167776970838736892
66010371960061074377614752594788235186708067119218827123886867275994274969178788814
296702654087329773789229755825560
22909879236582097356637972707189135635940445186267009129637989530016
96356787916180344509879372493339406481128203132743324706147583522858998148707375451647642
5712418573210551721713039769915108325146
9510736564636282104192236775735750373354278679778831
19299751245271627610362269409442224131642038283662
5289876016432563851272446736372153309373097708964012412909688758712030298798578123626515028
191547627862292158497290485848927
42225049392
8308478560266552993673031546434680641793632511456024098859868748021125762886423401026224
247487221402437228336352059324977558581605337425160012775402386167791253228238
671946455749579368862543374853954242
4400076208389013991519420511509552414830587832398193681156433119889835694795575868376739
36614320786414782638661537
3121230795995
771759123338894201576406364020176042746180583194452304880186125718810
559811
5768462096902216
290446213622413922677421676985256674040731373537457364127529776291677785282243918
9377973910421181
9174465712722813856538127385505138706987005242524424571593465009354005157567612952786
61450164209301698591728991181125340239119589634256080378801
788764705115636743905367378812189039247630122707429882450713622748711931010884
200103494263925013072863312
5974700485955912552355832645602486532125456113574696758468461977035119210529526492638710223736036882
556010365132348262047313517128859505771314706775251805208536923691842448798584
571083599161897172085072348280635
8083577232518698301658331098
826956682455659117
0137046406078722239871730971527255930471232396907039454160
181978046323752505464768300991226746671408583375195658480075
4384854744797517345760155204576860583173343404371
10029592624
61574363916751162708727646216280170659194628229267566056048225403870069
5555487310450429812034823169704907539711850181743217820540568
449487358299120762731350270968427967727774027167211241398731138896500125450627569761894
0546617202226393778537247745453221455784413377095744264893
24092187861880902683105018670226732458471447608079
5516065672717452132973909848617262911149
50417018323616110957792267309230
82538408003117003866409757760244391282263004224412
300698584352507423715
173412369515215242294674415144576930739947797411970
84509982296526971637686261788090932524937155113833204977026482587
9218956129658974294333168408865085167
782542125280565306790973290529839572939546
626789367230680744302840455916
9
232311219146344158801652670
46939660208326082486905975074057404651044756408700372026378251714107179103363
929690515820288906844063403215361430
05537321866426227285535834
974371536489082292553421511762765247055688232191410983510674400714872429414150707216
299
3738098942945377797613501556079011161431259175467689873046597361279293361429294716430266068345839960
2750820658989756545373454872639687853512083623460116285801439390
7951333889446
253338645818980857281714871117465206648426585696544323267954604513235185174126
55667476672675091090759719027931873109831440039313070641534186
71527344177983864171196870253302489952251190348962916377791560865821161319895
7528408939960126320039869883075561368
811130108762591189467773567906662894536391045132012944691813701525799015294
517787600823926791516972664018182506757016471317163958212399851048807124352621816593985147
3039371953169518
82508307727146383164195676960
9104122280759303114359191
393273991025164425947820369881605984256087993945174032819624484269821491994
59555320658
074622388570419946034563706719530735573
39872107381432382285476633676659467379888255845398737238049315155933
2634167424287613415754821919703176921
58657476235444555404885050184311056465663635887368
96026265933971088798777110334856559458105137568658776972789967
876421858358236
824343055161309768813744378063625145749346191812337803
233672669
38340846177
902617321578463889622834747540506385649169920878756284458721105637071676573
685508979836
90639985129693339094210491818866670
9872318555806
428388650519260674251411590017077625726622125707950284015526698
67988126493327035274452488303001396332873972301
82107978768673422104639818105070653
17885112424948052486258905568130324743552640
1167311
691243394017835261661715295639645519026650422418882445700010887276278540366254758818702497566724542
588220491622
754120021033710267942951316363587544001498376109298526398889918062271236465459217365466618552071952
49040230200795511574891304734068974110222174459740526286532385855647351
88752476347705126010450920292149313299501121329040165637140013928523598133
0724968804282673732876389718907151056954704280978
5727340630056875969319261713319644813180930731765187811165948384831270831724824707
8177362811645660869236172661
389211577802349538599846539181865510
95425634090129081600502275320390213447084484683669305963386388887
465549669865578297008446837804
05515600362280873477068854907298
7268812255109153294547052298384112
925197463483855620905120501814301126934753580238724343971698133
4144261252235
982235387070548
86128008455995146584273030007164587953690715809604582053519728296367226368906453752095327913357
81274974065524576992625974407
10557958
72142305927420634285263533100957995962008760699028496098101807105494022653071199
1083795067041207483607909
3858530809517390
67591411667681929972906604094426373224254533867511615121556776296154393498388570026933457249825
10148801874127016
4279096897612488048936163546713646495381299508028933528553044016301813848599909053796638670611041
018040709145739506081231515956786498444968990918353809607592056220601742591381
092846770253639275138732622275002757980800625
31110617212353899705741297970423216841929496468260405588114812843138703311920118
2678056550220316910343436529869126095926568751416462
30918083309439218343055549190944121744366787800835138640270967421145173306479037
501165631174966222805661665428758094492527593001255730021425850773
719951669306153595497442591580857257486
7331945622796210134806628839011766307473835436196627093837869777441511839567
75546532342018851679744122750796156264397045101588716009606919323634519
472890238599143667611522
81457332595809440838360058
307622853436258
00003531275942400269732141180812703465720438290082
82
32549443192999735969359284970811097378438458262516438409457850488074344706028280254611364
14309474193821235630201550583744016518145267650083318127085505325
254
652678172597961
15689696466451561349364265498300762477627047209033290510164206723674008419065429319222304559281169
62438949918158919930227067313955168642364884982058698997569806229
7920141952316140086590395730302784035612686838990500
4937586764003
52563748702166739780172937234872
255112
66916360347165486823522988505587009476850624546519706165187068581960945484285819160156974396745411
81797071250640806306971984992117891522885818001936848641257196
5098753663167580820965426531908160802202350692634981853
661573017063666494041575502526044191924942997025583824365267914611477344154537593565737782941020320
9
6898276820670154339832620041396096706577415653411293113939300699
29710788523847356992537904442718346191522510512340665155333394446707525556056519651998618
529497099303892317652933959494772416253649652957002211405069700610855460214215922769554618834
28138
60582169113231986215162051019020123116583520207015967386810283339320954016725422048785
47577743287970478152069112755367
77867695148941653568848823670738236024247211